 76 77 78 75 74 85 54 64 95 86 96 67 57 84 94 97 87 93 83 98 88 46 36 92 63 73 72 45 35 52 53 42 43 00 00 00 00 00 00 00 00 00 00 00 00 00 00 00 00 00 00 00 00 00 00 00 00 00 00 00 -227.060
 76 77 67 75 86 97 64 46 87 78 57 47 68 79 85 63 96 95 94 93 36 26 58 00 00 00 00 00 00 00 00 00 00 00 00 00 00 00 00 00 00 00 00 00 00 00 00 00 00 00 00 00 00 00 00 00 00 00 00 00 -227.060
 76 77 67 75 85 68 74 84 58 46 78 73 47 64 44 57 54 45 63 87 48 86 72 53 43 34 37 36 97 42 96 52 26 00 00 00 00 00 00 00 00 00 00 00 00 00 00 00 00 00 00 00 00 00 00 00 00 00 00 00  -23.781
 76 77 67 75 85 68 78 86 64 54 96 57 69 97 98 95 88 00 00 00 00 00 00 00 00 00 00 00 00 00 00 00 00 00 00 00 00 00 00 00 00 00 00 00 00 00 00 00 00 00 00 00 00 00 00 00 00 00 00 00  -22.492
 76 75 64 77 54 63 74 53 73 57 52 72 42 43 34 33 24 25 26 32 62 00 00 00 00 00 00 00 00 00 00 00 00 00 00 00 00 00 00 00 00 00 00 00 00 00 00 00 00 00 00 00 00 00 00 00 00 00 00 00  151.242
 76 75 64 57 74 84 85 73 67 95 54 86 77 88 78 89 79 87 99 83 68 69 59 58 96 97 98 63 49 53 94 48 38 00 00 00 00 00 00 00 00 00 00 00 00 00 00 00 00 00 00 00 00 00 00 00 00 00 00 00   94.820
 76 57 45 54 44 75 46 34 43 64 53 47 35 77 73 36 24 63 25 52 42 32 72 74 67 58 62 82 27 26 37 23 22 28 00 00 00 00 00 00 00 00 00 00 00 00 00 00 00 00 00 00 00 00 00 00 00 00 00 00  227.063
 76 57 45 74 75 84 46 77 86 97 48 47 67 87 64 49 37 53 63 73 42 43 85 96 78 79 44 68 88 34 72 36 26 52 62 27 00 00 00 00 00 00 00 00 00 00 00 00 00 00 00 00 00 00 00 00 00 00 00 00   14.906
 76 77 45 86 67 57 68 75 96 79 47 64 85 94 95 84 93 74 58 48 78 97 87 00 00 00 00 00 00 00 00 00 00 00 00 00 00 00 00 00 00 00 00 00 00 00 00 00 00 00 00 00 00 00 00 00 00 00 00 00  -25.383
 76 77 67 75 86 97 64 57 68 59 74 63 54 73 85 95 87 44 96 88 45 35 78 79 69 89 99 98 94 93 84 00 00 00 00 00 00 00 00 00 00 00 00 00 00 00 00 00 00 00 00 00 00 00 00 00 00 00 00 00  227.063
 76 77 67 75 86 68 78 96 64 54 84 74 95 88 87 58 99 94 69 97 85 79 89 47 59 98 49 57 93 48 38 39 00 00 00 00 00 00 00 00 00 00 00 00 00 00 00 00 00 00 00 00 00 00 00 00 00 00 00 00  227.063
 76 77 67 75 86 68 78 47 74 85 64 96 57 54 94 46 97 95 87 84 59 58 45 44 49 88 63 73 43 62 53 42 48 89 99 38 98 52 39 93 00 00 00 00 00 00 00 00 00 00 00 00 00 00 00 00 00 00 00 00   64.000
 76 77 67 75 86 68 78 47 74 84 94 87 85 57 59 96 95 93 97 64 00 00 00 00 00 00 00 00 00 00 00 00 00 00 00 00 00 00 00 00 00 00 00 00 00 00 00 00 00 00 00 00 00 00 00 00 00 00 00 00   35.586
 76 57 45 34 35 75 77 74 64 86 84 44 46 54 63 43 53 72 52 62 82 42 32 85 24 36 97 73 96 78 27 94 67 23 22 26 33 28 87 95 00 00 00 00 00 00 00 00 00 00 00 00 00 00 00 00 00 00 00 00   54.000
 76 77 54 86 67 58 96 85 68 87 78 79 95 57 94 75 64 98 48 47 46 45 44 37 26 49 97 00 00 00 00 00 00 00 00 00 00 00 00 00 00 00 00 00 00 00 00 00 00 00 00 00 00 00 00 00 00 00 00 00  -37.875
 76 77 67 75 86 97 64 73 74 85 84 94 45 46 78 79 87 44 47 48 54 63 43 96 95 42 53 58 88 99 98 62 57 68 82 72 83 92 93 00 00 00 00 00 00 00 00 00 00 00 00 00 00 00 00 00 00 00 00 00   46.000
 76 77 67 75 44 58 84 74 68 78 85 64 57 86 49 87 79 96 89 45 97 98 94 46 73 47 53 59 34 00 00 00 00 00 00 00 00 00 00 00 00 00 00 00 00 00 00 00 00 00 00 00 00 00 00 00 00 00 00 00  -35.531
 76 77 67 75 44 58 74 57 68 46 47 37 86 64 49 84 36 78 87 69 89 95 63 79 48 00 00 00 00 00 00 00 00 00 00 00 00 00 00 00 00 00 00 00 00 00 00 00 00 00 00 00 00 00 00 00 00 00 00 00  -28.516
 76 77 67 75 86 57 68 69 58 59 46 95 47 36 45 48 27 35 37 78 24 38 44 43 87 96 34 25 26 88 29 39 00 00 00 00 00 00 00 00 00 00 00 00 00 00 00 00 00 00 00 00 00 00 00 00 00 00 00 00  227.063
 76 57 45 86 77 75 74 54 44 64 67 46 87 68 78 84 96 95 53 47 63 73 69 97 85 79 89 62 93 42 52 83 72 82 92 34 94 43 98 88 00 00 00 00 00 00 00 00 00 00 00 00 00 00 00 00 00 00 00 00   64.000
 76 57 45 86 77 54 64 74 67 46 00 00 00 00 00 00 00 00 00 00 00 00 00 00 00 00 00 00 00 00 00 00 00 00 00 00 00 00 00 00 00 00 00 00 00 00 00 00 00 00 00 00 00 00 00 00 00 00 00 00    8.484
 76 77 78 75 54 45 74 00 00 00 00 00 00 00 00 00 00 00 00 00 00 00 00 00 00 00 00 00 00 00 00 00 00 00 00 00 00 00 00 00 00 00 00 00 00 00 00 00 00 00 00 00 00 00 00 00 00 00 00 00  -16.516
 76 77 78 75 54 45 44 57 46 47 67 68 59 69 79 86 64 74 87 58 49 97 85 94 36 84 73 63 72 52 48 53 42 62 83 00 00 00 00 00 00 00 00 00 00 00 00 00 00 00 00 00 00 00 00 00 00 00 00 00  -15.531
 76 75 64 77 54 44 45 43 74 63 53 73 34 42 62 36 35 52 32 46 37 27 47 25 57 68 72 67 26 48 00 00 00 00 00 00 00 00 00 00 00 00 00 00 00 00 00 00 00 00 00 00 00 00 00 00 00 00 00 00   29.992
 76 77 67 75 87 46 85 86 74 64 96 73 54 44 72 95 94 84 53 63 93 68 52 98 78 42 43 62 32 45 57 97 37 00 00 00 00 00 00 00 00 00 00 00 00 00 00 00 00 00 00 00 00 00 00 00 00 00 00 00  -44.227
 76 77 67 75 86 57 68 85 74 96 64 54 48 78 87 69 97 98 95 94 84 53 59 49 58 63 45 37 73 93 62 52 46 72 79 88 99 89 92 44 00 00 00 00 00 00 00 00 00 00 00 00 00 00 00 00 00 00 00 00   50.000
 76 77 67 75 86 57 68 85 74 84 64 96 87 58 97 69 94 54 00 00 00 00 00 00 00 00 00 00 00 00 00 00 00 00 00 00 00 00 00 00 00 00 00 00 00 00 00 00 00 00 00 00 00 00 00 00 00 00 00 00    8.227
 76 57 45 75 46 54 67 77 64 74 58 44 68 35 73 72 24 26 53 43 25 62 63 23 52 36 34 42 27 78 00 00 00 00 00 00 00 00 00 00 00 00 00 00 00 00 00 00 00 00 00 00 00 00 00 00 00 00 00 00   42.586
 76 57 45 75 46 77 86 97 74 64 63 54 44 53 73 84 94 34 35 72 67 47 87 62 96 37 85 43 58 78 27 49 36 98 99 26 59 69 68 38 00 00 00 00 00 00 00 00 00 00 00 00 00 00 00 00 00 00 00 00   32.000
 76 75 64 77 54 46 57 45 67 48 58 47 86 53 43 74 44 73 63 62 84 68 52 72 87 85 96 98 37 94 97 88 00 00 00 00 00 00 00 00 00 00 00 00 00 00 00 00 00 00 00 00 00 00 00 00 00 00 00 00   19.555
 76 77 67 75 86 68 78 96 64 54 84 57 85 87 97 94 59 73 47 74 45 35 44 34 63 52 43 42 36 53 24 25 46 23 95 26 93 88 99 48 00 00 00 00 00 00 00 00 00 00 00 00 00 00 00 00 00 00 00 00   36.000
 76 75 64 53 63 77 54 44 45 74 67 68 73 62 72 52 42 43 35 36 84 85 46 25 24 57 34 94 26 47 37 27 28 32 22 38 00 00 00 00 00 00 00 00 00 00 00 00 00 00 00 00 00 00 00 00 00 00 00 00   23.391
 76 77 67 75 74 46 47 64 45 58 54 63 86 57 85 73 84 44 48 35 34 53 43 97 24 32 72 62 42 52 96 00 00 00 00 00 00 00 00 00 00 00 00 00 00 00 00 00 00 00 00 00 00 00 00 00 00 00 00 00  -23.844
 76 75 64 73 63 53 85 95 94 93 62 57 74 77 86 96 84 82 42 52 72 54 43 34 33 32 22 83 67 00 00 00 00 00 00 00 00 00 00 00 00 00 00 00 00 00 00 00 00 00 00 00 00 00 00 00 00 00 00 00   74.773
 76 75 64 73 63 57 74 86 77 84 72 54 67 52 85 95 96 97 93 87 62 94 00 00 00 00 00 00 00 00 00 00 00 00 00 00 00 00 00 00 00 00 00 00 00 00 00 00 00 00 00 00 00 00 00 00 00 00 00 00   17.945
 76 77 67 75 74 46 78 68 69 85 84 86 96 95 94 87 97 58 49 79 54 64 63 00 00 00 00 00 00 00 00 00 00 00 00 00 00 00 00 00 00 00 00 00 00 00 00 00 00 00 00 00 00 00 00 00 00 00 00 00  -12.695
 76 57 45 54 44 87 75 84 77 74 46 67 68 58 78 47 49 37 48 35 86 85 27 34 96 97 95 88 00 00 00 00 00 00 00 00 00 00 00 00 00 00 00 00 00 00 00 00 00 00 00 00 00 00 00 00 00 00 00 00   24.094
 76 77 67 75 88 78 84 45 86 74 64 54 44 85 95 73 62 94 57 46 93 63 47 48 49 00 00 00 00 00 00 00 00 00 00 00 00 00 00 00 00 00 00 00 00 00 00 00 00 00 00 00 00 00 00 00 00 00 00 00  -27.727
 76 77 67 75 54 57 74 64 86 87 84 95 96 94 93 97 85 00 00 00 00 00 00 00 00 00 00 00 00 00 00 00 00 00 00 00 00 00 00 00 00 00 00 00 00 00 00 00 00 00 00 00 00 00 00 00 00 00 00 00  -19.727
 76 77 67 75 86 87 85 68 78 96 64 95 94 54 84 88 74 46 57 53 99 48 97 73 72 98 59 79 89 58 69 82 00 00 00 00 00 00 00 00 00 00 00 00 00 00 00 00 00 00 00 00 00 00 00 00 00 00 00 00   94.500
 76 77 67 75 74 46 47 64 87 57 54 86 44 45 58 48 95 96 35 00 00 00 00 00 00 00 00 00 00 00 00 00 00 00 00 00 00 00 00 00 00 00 00 00 00 00 00 00 00 00 00 00 00 00 00 00 00 00 00 00  -13.938
 76 77 67 75 86 95 64 53 74 57 63 73 87 85 96 97 94 93 84 54 72 83 62 52 42 43 34 33 82 25 23 32 92 00 00 00 00 00 00 00 00 00 00 00 00 00 00 00 00 00 00 00 00 00 00 00 00 00 00 00  194.875
 76 77 67 75 86 95 64 46 87 78 45 74 97 84 85 94 73 44 00 00 00 00 00 00 00 00 00 00 00 00 00 00 00 00 00 00 00 00 00 00 00 00 00 00 00 00 00 00 00 00 00 00 00 00 00 00 00 00 00 00   10.320
 76 57 45 86 77 68 46 75 87 97 74 73 67 58 84 64 85 96 78 47 69 54 94 95 98 37 53 63 93 52 44 34 42 43 82 83 59 89 36 88 92 27 72 62 26 49 39 48 38 79 99 25 35 28 23 33 29 32 22 00   30.000
 76 57 45 54 44 75 46 35 47 67 24 34 53 52 64 43 74 26 25 23 63 36 78 77 68 58 86 79 37 89 49 59 48 87 27 84 00 00 00 00 00 00 00 00 00 00 00 00 00 00 00 00 00 00 00 00 00 00 00 00   35.414
 76 57 45 86 77 78 46 75 87 54 64 44 47 35 67 58 36 68 84 27 48 37 97 74 63 62 69 79 59 88 00 00 00 00 00 00 00 00 00 00 00 00 00 00 00 00 00 00 00 00 00 00 00 00 00 00 00 00 00 00   20.766
 76 75 64 73 63 77 87 86 96 97 98 46 45 44 67 68 84 54 78 74 95 62 69 85 94 89 00 00 00 00 00 00 00 00 00 00 00 00 00 00 00 00 00 00 00 00 00 00 00 00 00 00 00 00 00 00 00 00 00 00   33.609
 76 77 67 75 64 46 45 57 37 36 47 58 48 27 78 79 68 74 87 97 86 59 73 69 54 35 49 39 24 96 25 26 95 94 89 99 85 38 88 98 00 00 00 00 00 00 00 00 00 00 00 00 00 00 00 00 00 00 00 00  -52.000
 76 77 67 75 64 46 85 57 68 78 86 87 58 54 47 69 59 49 36 45 74 63 89 48 37 79 88 00 00 00 00 00 00 00 00 00 00 00 00 00 00 00 00 00 00 00 00 00 00 00 00 00 00 00 00 00 00 00 00 00  -26.359
 76 57 45 54 44 34 47 75 67 46 36 87 64 77 35 74 86 58 48 97 85 96 94 68 59 25 79 26 24 23 37 95 98 69 84 28 27 49 29 89 00 00 00 00 00 00 00 00 00 00 00 00 00 00 00 00 00 00 00 00   58.000
 76 77 67 75 74 46 45 57 85 64 48 47 86 87 54 44 78 43 58 49 36 37 27 96 35 73 63 62 34 53 42 94 59 84 39 68 52 32 88 69 00 00 00 00 00 00 00 00 00 00 00 00 00 00 00 00 00 00 00 00  -14.000
 76 77 67 75 74 46 45 57 86 64 47 85 58 36 35 54 68 97 63 37 43 53 44 48 25 87 28 00 00 00 00 00 00 00 00 00 00 00 00 00 00 00 00 00 00 00 00 00 00 00 00 00 00 00 00 00 00 00 00 00   -7.219
 76 77 67 75 86 97 64 46 87 57 68 79 78 89 58 63 59 69 99 85 88 49 95 98 96 00 00 00 00 00 00 00 00 00 00 00 00 00 00 00 00 00 00 00 00 00 00 00 00 00 00 00 00 00 00 00 00 00 00 00   85.094
 76 77 67 75 86 57 68 96 47 59 45 37 54 34 85 95 36 53 58 27 78 69 74 88 46 73 99 98 89 35 97 87 94 00 00 00 00 00 00 00 00 00 00 00 00 00 00 00 00 00 00 00 00 00 00 00 00 00 00 00  148.961
 76 77 67 75 84 74 86 68 54 85 64 87 95 46 47 45 57 44 96 58 48 37 35 34 69 36 59 79 97 39 23 49 26 63 73 43 78 27 00 00 00 00 00 00 00 00 00 00 00 00 00 00 00 00 00 00 00 00 00 00  -20.000
 76 77 67 75 84 74 54 58 64 57 85 46 37 36 68 43 47 48 44 94 49 69 59 39 25 79 45 73 62 93 87 72 82 63 53 00 00 00 00 00 00 00 00 00 00 00 00 00 00 00 00 00 00 00 00 00 00 00 00 00  -12.555
 76 75 64 77 54 63 74 44 45 53 73 43 67 85 62 52 72 82 84 86 95 96 97 94 93 87 68 36 35 26 34 25 23 78 79 58 49 46 33 57 00 00 00 00 00 00 00 00 00 00 00 00 00 00 00 00 00 00 00 00   10.000
 76 77 67 75 44 58 74 57 86 85 64 84 96 94 87 95 93 63 54 97 62 00 00 00 00 00 00 00 00 00 00 00 00 00 00 00 00 00 00 00 00 00 00 00 00 00 00 00 00 00 00 00 00 00 00 00 00 00 00 00  -27.117
 76 77 67 75 87 46 74 85 64 86 96 58 97 54 68 95 84 98 45 44 35 57 37 47 78 79 69 59 49 39 36 00 00 00 00 00 00 00 00 00 00 00 00 00 00 00 00 00 00 00 00 00 00 00 00 00 00 00 00 00  -30.016
 76 75 64 57 74 85 54 67 86 87 96 94 97 84 77 88 95 98 78 68 45 44 46 36 47 38 79 89 00 00 00 00 00 00 00 00 00 00 00 00 00 00 00 00 00 00 00 00 00 00 00 00 00 00 00 00 00 00 00 00   77.945
 76 57 45 54 44 86 64 74 75 84 47 46 77 68 67 58 78 36 35 48 26 79 37 63 85 53 97 43 87 25 24 28 27 38 00 00 00 00 00 00 00 00 00 00 00 00 00 00 00 00 00 00 00 00 00 00 00 00 00 00   41.758
 76 57 45 86 77 74 75 54 67 46 48 44 47 64 87 58 49 68 84 85 79 94 36 59 73 63 95 72 97 26 69 96 93 78 35 83 92 82 62 53 00 00 00 00 00 00 00 00 00 00 00 00 00 00 00 00 00 00 00 00   20.000
 76 57 45 75 46 77 86 95 74 64 63 54 44 73 47 52 67 53 78 79 87 96 84 85 94 43 97 35 24 36 25 27 34 26 28 33 23 48 22 68 00 00 00 00 00 00 00 00 00 00 00 00 00 00 00 00 00 00 00 00   26.000
 76 77 67 75 86 68 78 97 64 57 74 87 69 85 48 79 89 53 84 58 54 43 45 73 44 47 37 63 46 59 49 34 96 95 94 38 98 35 93 83 00 00 00 00 00 00 00 00 00 00 00 00 00 00 00 00 00 00 00 00   36.000
 76 77 67 75 86 97 64 53 74 73 85 95 87 57 96 00 00 00 00 00 00 00 00 00 00 00 00 00 00 00 00 00 00 00 00 00 00 00 00 00 00 00 00 00 00 00 00 00 00 00 00 00 00 00 00 00 00 00 00 00   35.391
 76 57 45 86 77 34 35 75 67 68 58 64 79 49 59 48 46 78 39 47 89 54 37 24 00 00 00 00 00 00 00 00 00 00 00 00 00 00 00 00 00 00 00 00 00 00 00 00 00 00 00 00 00 00 00 00 00 00 00 00   25.906
 76 77 45 86 67 57 48 47 46 75 58 64 74 54 63 84 68 53 73 44 87 78 85 00 00 00 00 00 00 00 00 00 00 00 00 00 00 00 00 00 00 00 00 00 00 00 00 00 00 00 00 00 00 00 00 00 00 00 00 00  -14.172
 76 57 45 75 46 77 86 54 47 37 74 44 36 67 64 85 43 53 73 26 63 35 96 52 62 84 95 72 87 97 98 34 25 88 99 89 42 68 24 32 00 00 00 00 00 00 00 00 00 00 00 00 00 00 00 00 00 00 00 00   32.000
 76 75 64 77 54 45 46 36 35 25 67 63 84 68 78 93 57 79 85 47 74 94 53 52 44 34 42 32 37 43 86 38 95 96 73 72 58 59 62 00 00 00 00 00 00 00 00 00 00 00 00 00 00 00 00 00 00 00 00 00   64.000
 76 75 64 77 54 45 46 47 35 73 67 57 78 68 36 37 86 53 44 85 48 58 87 96 94 95 97 24 00 00 00 00 00 00 00 00 00 00 00 00 00 00 00 00 00 00 00 00 00 00 00 00 00 00 00 00 00 00 00 00   10.695
 76 57 45 54 44 36 35 34 47 58 59 77 75 85 74 73 84 67 64 94 48 39 37 38 46 69 00 00 00 00 00 00 00 00 00 00 00 00 00 00 00 00 00 00 00 00 00 00 00 00 00 00 00 00 00 00 00 00 00 00   60.727
 76 57 45 54 44 36 35 75 46 00 00 00 00 00 00 00 00 00 00 00 00 00 00 00 00 00 00 00 00 00 00 00 00 00 00 00 00 00 00 00 00 00 00 00 00 00 00 00 00 00 00 00 00 00 00 00 00 00 00 00    2.719
 76 57 45 34 35 86 47 64 67 44 54 46 36 53 43 42 62 78 63 58 24 52 75 84 32 74 37 28 27 48 00 00 00 00 00 00 00 00 00 00 00 00 00 00 00 00 00 00 00 00 00 00 00 00 00 00 00 00 00 00   37.180
 76 57 45 54 44 74 75 87 64 53 73 77 43 63 46 86 85 94 47 84 52 72 62 42 58 32 67 34 95 96 78 35 36 88 93 79 99 68 98 97 00 00 00 00 00 00 00 00 00 00 00 00 00 00 00 00 00 00 00 00   24.000
 76 77 67 75 64 46 86 84 36 95 45 57 74 85 94 63 54 44 62 35 25 43 47 72 82 34 53 52 97 00 00 00 00 00 00 00 00 00 00 00 00 00 00 00 00 00 00 00 00 00 00 00 00 00 00 00 00 00 00 00  -29.359
 76 77 67 75 86 87 85 97 64 46 47 57 68 58 84 59 78 48 49 69 89 39 96 63 98 94 54 45 74 93 53 52 43 83 44 95 92 73 42 32 00 00 00 00 00 00 00 00 00 00 00 00 00 00 00 00 00 00 00 00   50.000
 76 77 67 75 44 58 84 74 68 78 87 86 54 97 85 57 64 94 48 47 95 00 00 00 00 00 00 00 00 00 00 00 00 00 00 00 00 00 00 00 00 00 00 00 00 00 00 00 00 00 00 00 00 00 00 00 00 00 00 00   -9.219
 76 57 45 54 44 74 75 34 73 77 67 86 85 64 63 87 84 53 78 62 95 97 96 94 47 72 46 36 25 58 35 68 37 48 49 24 23 79 69 27 42 98 00 00 00 00 00 00 00 00 00 00 00 00 00 00 00 00 00 00   14.000
 76 77 67 75 86 68 78 46 74 87 97 84 85 73 63 64 54 79 59 52 47 53 62 94 72 69 57 49 96 58 42 36 43 44 95 88 93 83 34 33 00 00 00 00 00 00 00 00 00 00 00 00 00 00 00 00 00 00 00 00   44.000
 76 77 67 75 86 68 78 46 74 85 64 87 44 57 94 54 97 63 53 43 58 45 47 48 62 96 95 59 49 72 69 73 00 00 00 00 00 00 00 00 00 00 00 00 00 00 00 00 00 00 00 00 00 00 00 00 00 00 00 00   16.102
 76 75 64 77 54 46 57 45 67 63 44 78 47 53 74 43 68 59 84 86 73 72 00 00 00 00 00 00 00 00 00 00 00 00 00 00 00 00 00 00 00 00 00 00 00 00 00 00 00 00 00 00 00 00 00 00 00 00 00 00   13.219
 76 75 64 77 54 63 74 73 67 53 86 97 85 96 94 84 42 68 57 87 79 59 69 58 78 44 43 45 49 62 46 48 52 37 36 27 72 35 24 25 00 00 00 00 00 00 00 00 00 00 00 00 00 00 00 00 00 00 00 00   22.000
 76 57 45 54 44 75 46 87 64 43 00 00 00 00 00 00 00 00 00 00 00 00 00 00 00 00 00 00 00 00 00 00 00 00 00 00 00 00 00 00 00 00 00 00 00 00 00 00 00 00 00 00 00 00 00 00 00 00 00 00   11.297
 76 57 45 54 44 75 46 87 64 35 34 67 00 00 00 00 00 00 00 00 00 00 00 00 00 00 00 00 00 00 00 00 00 00 00 00 00 00 00 00 00 00 00 00 00 00 00 00 00 00 00 00 00 00 00 00 00 00 00 00   11.164
 76 57 45 54 44 75 46 77 64 43 74 73 85 84 53 95 67 63 47 34 86 97 87 35 24 26 96 78 62 52 25 72 27 36 37 68 58 59 48 49 88 99 00 00 00 00 00 00 00 00 00 00 00 00 00 00 00 00 00 00   42.000
 76 75 64 77 54 44 45 46 67 74 73 58 68 57 84 79 85 63 47 95 48 36 00 00 00 00 00 00 00 00 00 00 00 00 00 00 00 00 00 00 00 00 00 00 00 00 00 00 00 00 00 00 00 00 00 00 00 00 00 00   14.938
 76 77 67 75 86 47 74 68 78 87 96 97 98 85 58 59 57 79 69 46 45 63 49 48 00 00 00 00 00 00 00 00 00 00 00 00 00 00 00 00 00 00 00 00 00 00 00 00 00 00 00 00 00 00 00 00 00 00 00 00   36.391
 76 77 67 75 86 47 74 85 64 95 87 58 57 98 44 54 49 69 94 93 46 45 34 35 25 36 48 68 59 39 63 72 78 43 37 88 53 33 62 00 00 00 00 00 00 00 00 00 00 00 00 00 00 00 00 00 00 00 00 00   18.000
 76 77 67 75 86 97 64 46 87 78 57 47 68 79 85 63 96 95 94 74 00 00 00 00 00 00 00 00 00 00 00 00 00 00 00 00 00 00 00 00 00 00 00 00 00 00 00 00 00 00 00 00 00 00 00 00 00 00 00 00   41.719
 76 77 67 75 54 57 86 87 64 95 58 47 68 46 45 84 85 74 94 63 52 78 96 73 82 62 79 00 00 00 00 00 00 00 00 00 00 00 00 00 00 00 00 00 00 00 00 00 00 00 00 00 00 00 00 00 00 00 00 00  -19.547
 76 77 67 75 84 74 85 95 94 93 64 73 72 86 44 63 78 00 00 00 00 00 00 00 00 00 00 00 00 00 00 00 00 00 00 00 00 00 00 00 00 00 00 00 00 00 00 00 00 00 00 00 00 00 00 00 00 00 00 00   -8.406
 76 77 67 75 44 58 68 57 74 64 46 47 54 45 36 63 85 86 37 53 52 95 73 00 00 00 00 00 00 00 00 00 00 00 00 00 00 00 00 00 00 00 00 00 00 00 00 00 00 00 00 00 00 00 00 00 00 00 00 00   -7.125
 76 77 67 75 64 46 47 54 44 73 45 68 74 57 58 53 63 62 85 84 94 96 42 95 72 00 00 00 00 00 00 00 00 00 00 00 00 00 00 00 00 00 00 00 00 00 00 00 00 00 00 00 00 00 00 00 00 00 00 00  -14.039
 76 57 45 54 44 34 47 37 58 69 27 75 64 74 85 86 73 67 77 87 63 68 46 78 35 84 43 48 49 53 24 62 72 82 59 23 22 25 26 39 00 00 00 00 00 00 00 00 00 00 00 00 00 00 00 00 00 00 00 00   44.000
 76 57 45 54 44 75 46 36 35 34 43 52 24 47 27 53 67 74 64 33 22 26 73 63 25 85 95 78 42 84 77 96 97 83 86 23 32 87 82 72 00 00 00 00 00 00 00 00 00 00 00 00 00 00 00 00 00 00 00 00   64.000
 76 77 67 75 86 97 74 57 68 84 78 64 54 87 85 94 63 73 53 62 48 45 46 36 34 35 95 96 72 00 00 00 00 00 00 00 00 00 00 00 00 00 00 00 00 00 00 00 00 00 00 00 00 00 00 00 00 00 00 00   -3.492
 76 57 45 54 44 75 46 36 35 34 43 63 64 47 74 42 37 53 68 73 25 58 67 84 59 77 26 48 72 62 24 49 69 33 39 23 22 82 32 79 00 00 00 00 00 00 00 00 00 00 00 00 00 00 00 00 00 00 00 00   48.000
 76 77 67 75 86 47 74 87 85 57 78 96 95 84 00 00 00 00 00 00 00 00 00 00 00 00 00 00 00 00 00 00 00 00 00 00 00 00 00 00 00 00 00 00 00 00 00 00 00 00 00 00 00 00 00 00 00 00 00 00   18.836
 76 75 64 57 74 85 54 63 73 67 53 84 95 43 96 52 42 32 44 62 72 83 00 00 00 00 00 00 00 00 00 00 00 00 00 00 00 00 00 00 00 00 00 00 00 00 00 00 00 00 00 00 00 00 00 00 00 00 00 00   32.742
 76 77 67 75 86 87 85 97 64 46 47 68 54 48 36 25 96 57 58 35 69 74 45 43 00 00 00 00 00 00 00 00 00 00 00 00 00 00 00 00 00 00 00 00 00 00 00 00 00 00 00 00 00 00 00 00 00 00 00 00    7.344
 76 77 67 75 64 46 86 84 47 57 00 00 00 00 00 00 00 00 00 00 00 00 00 00 00 00 00 00 00 00 00 00 00 00 00 00 00 00 00 00 00 00 00 00 00 00 00 00 00 00 00 00 00 00 00 00 00 00 00 00   -4.094
 76 77 67 75 64 46 45 57 58 47 68 74 35 36 26 54 87 44 37 78 86 00 00 00 00 00 00 00 00 00 00 00 00 00 00 00 00 00 00 00 00 00 00 00 00 00 00 00 00 00 00 00 00 00 00 00 00 00 00 00  -17.086
 76 77 67 75 86 68 78 57 74 88 64 85 87 58 96 83 99 94 54 73 69 97 98 59 49 44 95 79 00 00 00 00 00 00 00 00 00 00 00 00 00 00 00 00 00 00 00 00 00 00 00 00 00 00 00 00 00 00 00 00   90.023
 76 77 67 75 86 68 78 57 74 89 54 64 45 44 46 85 47 97 84 63 43 58 48 87 59 49 39 94 96 95 79 35 34 53 99 36 25 42 98 69 88 26 24 37 33 29 83 93 92 22 73 72 52 62 82 23 28 27 32 00   26.000
 76 77 67 75 86 68 78 88 87 95 96 97 79 46 00 00 00 00 00 00 00 00 00 00 00 00 00 00 00 00 00 00 00 00 00 00 00 00 00 00 00 00 00 00 00 00 00 00 00 00 00 00 00 00 00 00 00 00 00 00   67.195
 76 77 45 86 67 57 58 47 48 46 35 36 75 68 79 59 69 89 85 78 49 39 97 64 54 53 43 37 25 74 87 26 44 94 27 34 62 24 23 52 63 72 00 00 00 00 00 00 00 00 00 00 00 00 00 00 00 00 00 00  -20.000
 76 57 45 86 77 75 74 64 54 63 85 44 67 35 97 68 78 46 48 87 59 47 58 49 37 94 95 36 73 89 38 96 69 53 00 00 00 00 00 00 00 00 00 00 00 00 00 00 00 00 00 00 00 00 00 00 00 00 00 00   22.484
 76 57 45 74 75 86 77 00 00 00 00 00 00 00 00 00 00 00 00 00 00 00 00 00 00 00 00 00 00 00 00 00 00 00 00 00 00 00 00 00 00 00 00 00 00 00 00 00 00 00 00 00 00 00 00 00 00 00 00 00    4.859
 76 77 67 75 64 46 86 84 68 74 45 57 85 79 63 78 36 94 96 62 58 00 00 00 00 00 00 00 00 00 00 00 00 00 00 00 00 00 00 00 00 00 00 00 00 00 00 00 00 00 00 00 00 00 00 00 00 00 00 00   -8.523
 76 75 64 53 63 77 54 45 74 62 72 82 67 68 00 00 00 00 00 00 00 00 00 00 00 00 00 00 00 00 00 00 00 00 00 00 00 00 00 00 00 00 00 00 00 00 00 00 00 00 00 00 00 00 00 00 00 00 00 00   11.695
 76 57 45 54 44 75 46 35 47 34 67 87 64 74 53 43 42 62 52 77 72 36 63 68 37 48 24 78 25 27 26 23 85 73 86 84 82 33 97 00 00 00 00 00 00 00 00 00 00 00 00 00 00 00 00 00 00 00 00 00   34.000
 76 77 67 75 64 46 45 57 87 86 37 00 00 00 00 00 00 00 00 00 00 00 00 00 00 00 00 00 00 00 00 00 00 00 00 00 00 00 00 00 00 00 00 00 00 00 00 00 00 00 00 00 00 00 00 00 00 00 00 00   -9.656
 76 57 45 86 77 75 74 88 46 54 67 85 78 47 64 34 35 44 87 58 96 97 36 63 68 79 84 73 49 94 48 26 25 27 37 69 99 98 59 24 89 28 38 29 39 95 93 83 92 82 52 53 72 62 42 43 33 22 32 00   28.000
 76 57 45 86 77 75 74 68 46 64 63 35 54 67 85 44 47 53 69 78 84 79 58 59 97 87 48 49 43 72 52 73 98 62 82 94 42 95 34 23 26 25 36 27 37 96 93 33 88 99 89 92 22 32 24 38 28 39 29 00   18.000
 76 57 45 86 77 75 74 54 44 68 64 73 00 00 00 00 00 00 00 00 00 00 00 00 00 00 00 00 00 00 00 00 00 00 00 00 00 00 00 00 00 00 00 00 00 00 00 00 00 00 00 00 00 00 00 00 00 00 00 00   14.375
 76 77 67 75 64 46 37 74 57 54 86 44 68 97 95 47 48 36 25 87 85 58 84 49 69 59 43 00 00 00 00 00 00 00 00 00 00 00 00 00 00 00 00 00 00 00 00 00 00 00 00 00 00 00 00 00 00 00 00 00  -16.391
 76 57 45 75 46 54 67 77 64 74 58 49 68 44 53 35 36 47 59 48 78 42 87 63 43 69 37 85 00 00 00 00 00 00 00 00 00 00 00 00 00 00 00 00 00 00 00 00 00 00 00 00 00 00 00 00 00 00 00 00   11.969
 76 77 67 75 64 46 87 74 86 84 54 63 72 96 94 73 85 97 47 95 36 00 00 00 00 00 00 00 00 00 00 00 00 00 00 00 00 00 00 00 00 00 00 00 00 00 00 00 00 00 00 00 00 00 00 00 00 00 00 00  -26.414
 76 77 67 75 64 46 87 74 84 63 57 85 94 86 95 97 73 96 44 00 00 00 00 00 00 00 00 00 00 00 00 00 00 00 00 00 00 00 00 00 00 00 00 00 00 00 00 00 00 00 00 00 00 00 00 00 00 00 00 00  -17.180
 76 77 67 75 86 68 78 57 74 96 95 94 85 87 48 84 64 69 45 73 98 44 58 97 93 53 63 47 59 79 49 54 62 88 43 33 34 82 72 24 00 00 00 00 00 00 00 00 00 00 00 00 00 00 00 00 00 00 00 00   38.000
 76 57 45 54 44 74 75 86 64 00 00 00 00 00 00 00 00 00 00 00 00 00 00 00 00 00 00 00 00 00 00 00 00 00 00 00 00 00 00 00 00 00 00 00 00 00 00 00 00 00 00 00 00 00 00 00 00 00 00 00    7.195
 76 77 67 75 86 87 85 68 78 96 64 84 74 69 54 73 94 43 79 89 95 93 44 57 98 83 63 52 59 47 00 00 00 00 00 00 00 00 00 00 00 00 00 00 00 00 00 00 00 00 00 00 00 00 00 00 00 00 00 00   36.117
 76 77 67 75 64 46 45 57 36 54 44 63 74 85 84 73 72 43 96 37 68 79 87 53 48 26 47 58 82 86 69 59 32 97 78 95 39 94 38 35 00 00 00 00 00 00 00 00 00 00 00 00 00 00 00 00 00 00 00 00  -44.000
 76 77 67 75 64 46 45 57 36 54 86 47 78 84 48 68 63 34 74 27 44 53 42 87 97 85 96 37 35 58 43 24 69 59 94 62 33 73 52 72 82 22 26 32 83 79 23 25 39 49 89 88 38 92 99 98 28 29 93 95  -22.000
 76 57 45 54 44 75 46 36 35 77 64 63 53 47 34 73 74 42 62 72 52 43 37 67 48 49 86 97 85 96 84 93 33 24 58 59 26 32 25 78 00 00 00 00 00 00 00 00 00 00 00 00 00 00 00 00 00 00 00 00   30.000
 76 57 45 34 35 86 47 44 54 53 43 64 62 42 63 52 32 46 25 73 58 68 36 27 26 24 72 67 75 37 77 84 82 74 69 78 38 79 48 29 28 39 00 00 00 00 00 00 00 00 00 00 00 00 00 00 00 00 00 00   24.000
 76 77 67 75 84 74 87 78 86 68 73 95 97 85 64 63 57 47 44 54 94 96 45 48 58 46 69 43 36 49 53 42 34 59 37 00 00 00 00 00 00 00 00 00 00 00 00 00 00 00 00 00 00 00 00 00 00 00 00 00   -6.820
 76 77 67 75 86 68 78 96 64 79 87 46 74 73 85 57 53 54 72 95 43 84 45 97 47 35 34 48 25 52 49 37 26 27 36 24 58 69 63 44 59 39 98 99 89 88 29 42 28 38 23 33 22 32 62 83 93 94 00 00   14.000
 76 75 64 77 54 63 74 45 44 53 46 73 85 86 43 34 62 57 47 35 42 37 67 87 84 95 94 78 68 79 96 97 98 32 58 52 22 72 33 23 00 00 00 00 00 00 00 00 00 00 00 00 00 00 00 00 00 00 00 00   30.000
 76 57 45 86 77 75 74 83 54 44 67 84 85 53 73 64 46 95 42 63 96 52 94 68 78 97 87 93 47 79 92 82 88 34 98 35 48 38 37 49 29 26 72 62 39 58 28 27 43 89 69 59 36 33 23 22 32 25 24 00   32.000
 76 77 67 75 64 46 45 57 85 84 87 94 68 79 58 49 86 47 78 97 96 95 59 69 88 74 36 48 38 00 00 00 00 00 00 00 00 00 00 00 00 00 00 00 00 00 00 00 00 00 00 00 00 00 00 00 00 00 00 00  -44.906
 76 77 67 75 64 46 45 57 85 84 86 95 68 74 96 87 94 54 44 79 48 35 34 63 52 47 25 53 43 36 97 49 27 26 58 00 00 00 00 00 00 00 00 00 00 00 00 00 00 00 00 00 00 00 00 00 00 00 00 00  -12.313
 76 77 67 75 87 46 85 86 54 78 45 74 47 94 57 68 96 95 64 97 69 48 58 49 59 79 84 93 89 99 38 00 00 00 00 00 00 00 00 00 00 00 00 00 00 00 00 00 00 00 00 00 00 00 00 00 00 00 00 00  -16.898
 76 77 67 75 87 46 85 86 54 78 58 64 74 97 47 68 57 45 69 79 89 43 96 59 98 00 00 00 00 00 00 00 00 00 00 00 00 00 00 00 00 00 00 00 00 00 00 00 00 00 00 00 00 00 00 00 00 00 00 00  -13.898
 76 77 67 75 86 68 78 46 74 84 94 73 64 85 54 96 45 43 97 95 57 63 47 44 53 58 62 34 36 35 42 25 27 26 37 33 52 38 32 28 00 00 00 00 00 00 00 00 00 00 00 00 00 00 00 00 00 00 00 00   44.000
 76 77 67 75 64 46 45 57 85 84 47 94 58 49 69 34 86 95 44 74 68 78 35 63 96 54 93 97 79 00 00 00 00 00 00 00 00 00 00 00 00 00 00 00 00 00 00 00 00 00 00 00 00 00 00 00 00 00 00 00  -27.672
 76 77 67 75 87 46 74 85 96 95 64 57 86 84 44 63 73 58 68 72 45 53 37 79 47 97 93 94 83 00 00 00 00 00 00 00 00 00 00 00 00 00 00 00 00 00 00 00 00 00 00 00 00 00 00 00 00 00 00 00  -20.117
 76 57 45 86 77 75 74 84 85 44 97 96 87 98 46 95 54 64 48 47 63 73 37 78 68 59 53 67 69 79 58 49 34 27 35 52 42 25 24 43 00 00 00 00 00 00 00 00 00 00 00 00 00 00 00 00 00 00 00 00   42.000
 76 57 45 34 35 86 47 46 37 00 00 00 00 00 00 00 00 00 00 00 00 00 00 00 00 00 00 00 00 00 00 00 00 00 00 00 00 00 00 00 00 00 00 00 00 00 00 00 00 00 00 00 00 00 00 00 00 00 00 00    2.891
 76 77 67 75 86 68 78 87 96 79 85 47 59 58 74 94 95 97 46 84 48 57 49 73 69 37 89 39 29 88 64 53 99 54 63 00 00 00 00 00 00 00 00 00 00 00 00 00 00 00 00 00 00 00 00 00 00 00 00 00   66.094
 76 77 67 75 86 68 78 87 96 47 85 97 98 79 69 95 94 59 58 84 64 49 57 54 93 74 46 48 45 36 34 88 00 00 00 00 00 00 00 00 00 00 00 00 00 00 00 00 00 00 00 00 00 00 00 00 00 00 00 00   52.016
 76 57 45 54 44 34 47 67 77 58 48 75 59 86 64 53 46 36 74 68 69 78 79 37 95 49 39 84 35 26 24 85 25 27 87 23 00 00 00 00 00 00 00 00 00 00 00 00 00 00 00 00 00 00 00 00 00 00 00 00   16.773
 76 77 67 75 87 46 85 86 95 97 74 64 63 84 93 68 78 57 96 53 43 94 73 00 00 00 00 00 00 00 00 00 00 00 00 00 00 00 00 00 00 00 00 00 00 00 00 00 00 00 00 00 00 00 00 00 00 00 00 00  -23.594
 76 77 67 75 87 46 85 86 95 97 64 78 58 74 96 94 63 00 00 00 00 00 00 00 00 00 00 00 00 00 00 00 00 00 00 00 00 00 00 00 00 00 00 00 00 00 00 00 00 00 00 00 00 00 00 00 00 00 00 00   -8.250
 76 77 67 75 64 46 45 57 37 36 85 74 68 44 47 58 86 54 63 79 87 78 59 69 89 84 73 35 95 62 52 42 48 49 43 00 00 00 00 00 00 00 00 00 00 00 00 00 00 00 00 00 00 00 00 00 00 00 00 00  -23.969
 76 77 67 75 64 46 45 57 37 36 85 74 35 44 54 34 84 27 86 43 53 52 24 47 42 32 26 25 58 00 00 00 00 00 00 00 00 00 00 00 00 00 00 00 00 00 00 00 00 00 00 00 00 00 00 00 00 00 00 00  -18.914
 76 77 67 75 64 46 45 57 37 36 85 74 35 44 54 34 63 84 53 43 73 47 95 24 25 42 68 00 00 00 00 00 00 00 00 00 00 00 00 00 00 00 00 00 00 00 00 00 00 00 00 00 00 00 00 00 00 00 00 00   -9.352
 76 75 64 77 54 45 46 44 74 67 57 48 58 47 35 63 53 52 36 43 34 37 68 73 27 38 00 00 00 00 00 00 00 00 00 00 00 00 00 00 00 00 00 00 00 00 00 00 00 00 00 00 00 00 00 00 00 00 00 00   13.578
 76 77 67 75 86 68 78 79 87 95 96 97 64 46 45 63 74 34 54 83 84 53 57 94 73 48 52 72 85 62 92 93 98 00 00 00 00 00 00 00 00 00 00 00 00 00 00 00 00 00 00 00 00 00 00 00 00 00 00 00   68.148
 76 77 67 75 86 68 78 87 96 46 58 69 57 59 85 79 47 36 84 74 49 39 63 94 64 95 88 53 45 44 73 48 42 52 62 89 99 54 93 83 00 00 00 00 00 00 00 00 00 00 00 00 00 00 00 00 00 00 00 00   32.000
 76 77 67 75 86 68 78 87 96 46 58 98 85 57 64 74 97 95 47 54 36 48 49 79 69 35 45 26 27 28 63 59 89 62 72 38 73 53 42 83 00 00 00 00 00 00 00 00 00 00 00 00 00 00 00 00 00 00 00 00   24.000
 76 57 45 75 46 77 86 97 74 54 64 87 47 44 58 85 67 53 94 95 84 63 73 68 79 35 78 36 37 48 42 52 62 72 82 59 69 88 43 26 00 00 00 00 00 00 00 00 00 00 00 00 00 00 00 00 00 00 00 00   32.000
 76 57 45 54 44 34 47 75 67 86 53 46 77 64 36 37 27 42 85 87 74 58 49 48 35 24 25 59 68 39 96 69 97 83 79 78 29 95 94 84 00 00 00 00 00 00 00 00 00 00 00 00 00 00 00 00 00 00 00 00   42.000
 76 57 45 86 77 75 74 34 35 84 85 54 67 64 44 46 73 24 63 43 87 53 42 78 94 97 68 79 59 58 49 48 32 62 33 23 72 88 52 96 00 00 00 00 00 00 00 00 00 00 00 00 00 00 00 00 00 00 00 00   50.000
 76 57 45 86 77 75 74 34 35 68 46 67 47 54 44 84 78 87 64 63 94 53 85 73 43 37 25 36 72 95 97 79 96 24 23 93 92 82 42 83 00 00 00 00 00 00 00 00 00 00 00 00 00 00 00 00 00 00 00 00   36.000
 76 77 67 75 86 68 78 57 74 87 59 96 64 85 94 63 97 98 84 79 48 46 47 49 69 58 73 72 37 38 95 27 00 00 00 00 00 00 00 00 00 00 00 00 00 00 00 00 00 00 00 00 00 00 00 00 00 00 00 00   66.258
 76 77 67 75 54 57 74 64 85 86 68 94 84 73 46 45 44 95 63 52 72 58 97 96 93 43 53 42 48 00 00 00 00 00 00 00 00 00 00 00 00 00 00 00 00 00 00 00 00 00 00 00 00 00 00 00 00 00 00 00  -12.133
 76 77 67 75 64 46 45 57 78 68 85 74 86 47 54 79 84 63 73 87 36 94 72 95 97 25 58 49 27 96 59 00 00 00 00 00 00 00 00 00 00 00 00 00 00 00 00 00 00 00 00 00 00 00 00 00 00 00 00 00  -20.188
 76 77 67 75 86 68 78 57 74 95 64 79 97 96 94 54 85 53 00 00 00 00 00 00 00 00 00 00 00 00 00 00 00 00 00 00 00 00 00 00 00 00 00 00 00 00 00 00 00 00 00 00 00 00 00 00 00 00 00 00   27.391
 76 77 67 75 87 46 85 86 64 74 73 84 93 63 96 72 54 45 43 53 52 94 95 62 82 97 35 00 00 00 00 00 00 00 00 00 00 00 00 00 00 00 00 00 00 00 00 00 00 00 00 00 00 00 00 00 00 00 00 00  -24.609
 76 77 67 75 87 46 85 86 64 74 84 53 96 73 72 94 54 62 63 95 42 00 00 00 00 00 00 00 00 00 00 00 00 00 00 00 00 00 00 00 00 00 00 00 00 00 00 00 00 00 00 00 00 00 00 00 00 00 00 00   -8.789
 76 57 45 54 44 34 47 75 67 86 53 64 77 42 95 97 35 46 84 74 36 25 43 27 87 58 59 37 96 68 78 94 62 89 63 72 79 73 99 69 00 00 00 00 00 00 00 00 00 00 00 00 00 00 00 00 00 00 00 00   28.000
 76 57 45 86 77 75 74 44 67 84 54 73 85 64 53 43 63 42 95 62 72 97 94 78 58 68 69 49 48 46 47 79 89 37 52 83 87 82 93 98 00 00 00 00 00 00 00 00 00 00 00 00 00 00 00 00 00 00 00 00   48.000
 76 77 67 75 87 46 85 86 44 57 74 45 64 84 97 96 48 54 35 36 63 73 43 58 47 62 27 00 00 00 00 00 00 00 00 00 00 00 00 00 00 00 00 00 00 00 00 00 00 00 00 00 00 00 00 00 00 00 00 00  -11.672
 76 77 67 75 64 46 86 84 36 95 45 57 74 85 58 73 78 00 00 00 00 00 00 00 00 00 00 00 00 00 00 00 00 00 00 00 00 00 00 00 00 00 00 00 00 00 00 00 00 00 00 00 00 00 00 00 00 00 00 00   -9.914
 76 77 67 75 64 46 45 57 88 78 36 99 48 47 58 37 84 69 59 25 68 49 27 74 83 00 00 00 00 00 00 00 00 00 00 00 00 00 00 00 00 00 00 00 00 00 00 00 00 00 00 00 00 00 00 00 00 00 00 00  -28.055
 76 57 45 86 77 74 75 64 67 87 68 46 85 78 58 54 79 96 48 44 94 47 95 59 49 39 00 00 00 00 00 00 00 00 00 00 00 00 00 00 00 00 00 00 00 00 00 00 00 00 00 00 00 00 00 00 00 00 00 00   10.180
 76 77 67 75 74 46 45 57 47 64 54 37 58 36 48 00 00 00 00 00 00 00 00 00 00 00 00 00 00 00 00 00 00 00 00 00 00 00 00 00 00 00 00 00 00 00 00 00 00 00 00 00 00 00 00 00 00 00 00 00   -6.281
 76 77 67 75 44 58 84 74 78 47 46 57 64 45 34 68 54 35 26 79 85 53 63 86 62 95 97 96 69 00 00 00 00 00 00 00 00 00 00 00 00 00 00 00 00 00 00 00 00 00 00 00 00 00 00 00 00 00 00 00   -8.305
 76 57 45 86 77 34 35 75 67 46 87 78 58 47 96 54 44 64 85 74 36 25 63 94 95 97 68 49 59 26 37 73 00 00 00 00 00 00 00 00 00 00 00 00 00 00 00 00 00 00 00 00 00 00 00 00 00 00 00 00    3.977
 76 77 67 75 86 68 78 96 64 46 74 85 54 63 45 44 43 57 35 53 36 47 34 42 72 52 37 87 58 69 79 48 59 88 84 73 94 95 99 89 38 23 24 25 33 93 62 82 97 29 28 39 49 27 26 98 92 32 22 00   12.000
 76 77 67 75 64 46 45 57 47 37 48 36 68 44 34 35 58 54 74 78 27 63 84 86 87 79 59 69 89 49 96 00 00 00 00 00 00 00 00 00 00 00 00 00 00 00 00 00 00 00 00 00 00 00 00 00 00 00 00 00  -19.094
 76 77 67 75 64 46 87 74 54 63 45 86 95 57 44 68 37 78 72 52 85 84 53 35 62 82 73 97 36 96 94 93 24 47 48 42 43 32 69 58 00 00 00 00 00 00 00 00 00 00 00 00 00 00 00 00 00 00 00 00   -8.000
 76 77 67 75 86 68 78 96 64 53 85 95 74 84 59 57 73 58 87 97 63 72 42 52 62 32 47 45 69 44 46 36 37 48 25 27 34 35 24 49 54 43 26 79 38 29 33 39 28 23 22 00 00 00 00 00 00 00 00 00   18.000
 76 77 67 75 86 68 78 57 74 84 94 96 95 93 46 87 48 64 54 97 85 45 88 44 63 73 47 72 58 36 53 62 37 27 34 89 99 43 79 69 00 00 00 00 00 00 00 00 00 00 00 00 00 00 00 00 00 00 00 00   40.000
 76 77 67 75 86 87 85 68 78 97 64 46 74 54 00 00 00 00 00 00 00 00 00 00 00 00 00 00 00 00 00 00 00 00 00 00 00 00 00 00 00 00 00 00 00 00 00 00 00 00 00 00 00 00 00 00 00 00 00 00    5.602
 76 57 45 54 44 75 46 34 43 35 64 67 47 77 26 63 25 53 74 36 52 84 62 23 58 68 27 59 37 32 73 48 24 82 42 28 22 72 00 00 00 00 00 00 00 00 00 00 00 00 00 00 00 00 00 00 00 00 00 00   64.000
 76 57 45 54 44 75 46 34 43 35 64 63 26 25 53 33 23 27 22 67 32 47 62 24 00 00 00 00 00 00 00 00 00 00 00 00 00 00 00 00 00 00 00 00 00 00 00 00 00 00 00 00 00 00 00 00 00 00 00 00   58.219
 76 57 45 54 44 75 46 34 43 35 64 63 26 87 74 53 25 24 77 27 62 72 42 73 52 85 00 00 00 00 00 00 00 00 00 00 00 00 00 00 00 00 00 00 00 00 00 00 00 00 00 00 00 00 00 00 00 00 00 00   11.297
 76 77 67 75 86 68 78 47 74 96 57 58 46 64 44 35 69 87 63 62 48 84 37 36 45 49 59 34 26 25 54 53 00 00 00 00 00 00 00 00 00 00 00 00 00 00 00 00 00 00 00 00 00 00 00 00 00 00 00 00   20.570
 76 77 67 75 64 46 45 57 68 79 47 48 69 58 89 59 85 00 00 00 00 00 00 00 00 00 00 00 00 00 00 00 00 00 00 00 00 00 00 00 00 00 00 00 00 00 00 00 00 00 00 00 00 00 00 00 00 00 00 00  -30.375
 76 77 67 75 86 68 78 87 96 57 59 58 48 49 39 79 85 98 97 94 00 00 00 00 00 00 00 00 00 00 00 00 00 00 00 00 00 00 00 00 00 00 00 00 00 00 00 00 00 00 00 00 00 00 00 00 00 00 00 00   60.258
 76 77 67 75 86 68 78 87 96 97 98 79 69 46 00 00 00 00 00 00 00 00 00 00 00 00 00 00 00 00 00 00 00 00 00 00 00 00 00 00 00 00 00 00 00 00 00 00 00 00 00 00 00 00 00 00 00 00 00 00   40.773
 76 77 67 75 74 46 78 68 57 58 59 87 49 86 97 64 00 00 00 00 00 00 00 00 00 00 00 00 00 00 00 00 00 00 00 00 00 00 00 00 00 00 00 00 00 00 00 00 00 00 00 00 00 00 00 00 00 00 00 00  -10.211
 76 77 67 75 86 68 78 96 64 88 87 57 74 85 54 58 99 73 79 43 59 97 95 69 00 00 00 00 00 00 00 00 00 00 00 00 00 00 00 00 00 00 00 00 00 00 00 00 00 00 00 00 00 00 00 00 00 00 00 00   54.000
 76 77 67 75 86 68 78 96 64 73 87 79 85 95 00 00 00 00 00 00 00 00 00 00 00 00 00 00 00 00 00 00 00 00 00 00 00 00 00 00 00 00 00 00 00 00 00 00 00 00 00 00 00 00 00 00 00 00 00 00   10.578
 76 75 64 77 54 63 74 85 67 57 87 86 96 95 94 97 98 84 93 46 78 73 52 68 62 79 59 44 58 69 89 72 82 48 00 00 00 00 00 00 00 00 00 00 00 00 00 00 00 00 00 00 00 00 00 00 00 00 00 00   27.211
 76 77 67 75 86 68 78 87 96 46 58 79 85 57 47 59 44 48 45 54 74 84 94 36 69 34 64 83 00 00 00 00 00 00 00 00 00 00 00 00 00 00 00 00 00 00 00 00 00 00 00 00 00 00 00 00 00 00 00 00   13.664
 76 75 64 77 54 45 46 44 74 57 36 43 67 53 63 58 48 35 25 34 47 27 26 24 52 49 37 68 42 73 82 72 00 00 00 00 00 00 00 00 00 00 00 00 00 00 00 00 00 00 00 00 00 00 00 00 00 00 00 00   12.047
 76 57 45 54 44 34 47 75 67 87 86 77 84 46 64 73 85 58 00 00 00 00 00 00 00 00 00 00 00 00 00 00 00 00 00 00 00 00 00 00 00 00 00 00 00 00 00 00 00 00 00 00 00 00 00 00 00 00 00 00    7.523
 76 57 45 54 44 86 64 74 75 43 53 85 42 35 00 00 00 00 00 00 00 00 00 00 00 00 00 00 00 00 00 00 00 00 00 00 00 00 00 00 00 00 00 00 00 00 00 00 00 00 00 00 00 00 00 00 00 00 00 00   16.133
 76 77 67 75 86 87 85 68 78 96 64 63 57 69 95 94 97 98 84 74 73 62 53 54 43 46 48 45 44 52 37 58 47 36 42 28 34 24 35 25 72 49 89 33 22 32 26 83 92 79 82 27 23 99 93 00 00 00 00 00   36.000
 76 57 45 54 44 75 46 87 64 35 34 47 67 73 00 00 00 00 00 00 00 00 00 00 00 00 00 00 00 00 00 00 00 00 00 00 00 00 00 00 00 00 00 00 00 00 00 00 00 00 00 00 00 00 00 00 00 00 00 00    9.891
 76 57 45 54 44 75 46 77 64 43 74 34 53 47 24 73 63 42 62 67 36 35 52 25 00 00 00 00 00 00 00 00 00 00 00 00 00 00 00 00 00 00 00 00 00 00 00 00 00 00 00 00 00 00 00 00 00 00 00 00   22.570
 76 77 67 75 74 46 47 64 86 68 58 87 85 96 69 57 78 49 97 98 35 48 44 54 45 34 43 53 73 79 89 00 00 00 00 00 00 00 00 00 00 00 00 00 00 00 00 00 00 00 00 00 00 00 00 00 00 00 00 00  -18.695
 76 77 67 75 86 87 85 97 64 54 74 46 47 68 78 57 69 48 45 59 44 63 36 53 79 94 37 89 49 83 00 00 00 00 00 00 00 00 00 00 00 00 00 00 00 00 00 00 00 00 00 00 00 00 00 00 00 00 00 00   26.125
 76 57 45 75 46 54 67 77 64 44 53 36 00 00 00 00 00 00 00 00 00 00 00 00 00 00 00 00 00 00 00 00 00 00 00 00 00 00 00 00 00 00 00 00 00 00 00 00 00 00 00 00 00 00 00 00 00 00 00 00    5.172
 76 57 45 54 44 75 46 34 43 52 24 35 47 67 64 36 42 73 27 25 26 53 62 33 63 48 84 37 32 82 83 87 58 85 22 38 00 00 00 00 00 00 00 00 00 00 00 00 00 00 00 00 00 00 00 00 00 00 00 00   69.313
 76 57 45 54 44 75 46 34 43 77 24 36 37 64 73 33 35 42 52 62 53 32 63 47 85 82 74 84 94 83 87 98 22 23 72 26 00 00 00 00 00 00 00 00 00 00 00 00 00 00 00 00 00 00 00 00 00 00 00 00   37.719
 76 77 67 75 64 46 86 84 87 74 00 00 00 00 00 00 00 00 00 00 00 00 00 00 00 00 00 00 00 00 00 00 00 00 00 00 00 00 00 00 00 00 00 00 00 00 00 00 00 00 00 00 00 00 00 00 00 00 00 00   -4.094
 76 77 67 75 86 68 78 57 74 83 64 87 96 97 69 73 53 84 85 95 54 58 92 63 62 59 93 42 00 00 00 00 00 00 00 00 00 00 00 00 00 00 00 00 00 00 00 00 00 00 00 00 00 00 00 00 00 00 00 00   31.641
 76 77 67 75 64 46 86 84 85 74 63 97 45 68 78 54 43 47 96 53 73 44 98 95 37 00 00 00 00 00 00 00 00 00 00 00 00 00 00 00 00 00 00 00 00 00 00 00 00 00 00 00 00 00 00 00 00 00 00 00  -18.688
 76 77 67 75 64 46 86 84 85 74 45 57 87 97 48 54 78 44 96 95 37 98 35 69 43 68 53 47 58 36 25 59 79 89 63 27 38 62 72 82 00 00 00 00 00 00 00 00 00 00 00 00 00 00 00 00 00 00 00 00  -16.000
 76 77 67 75 87 46 85 86 64 74 54 57 44 68 45 47 84 78 97 35 79 96 95 94 69 00 00 00 00 00 00 00 00 00 00 00 00 00 00 00 00 00 00 00 00 00 00 00 00 00 00 00 00 00 00 00 00 00 00 00  -13.336
 76 77 67 75 86 68 78 87 96 58 57 48 49 59 69 47 44 54 39 34 37 89 85 95 94 97 00 00 00 00 00 00 00 00 00 00 00 00 00 00 00 00 00 00 00 00 00 00 00 00 00 00 00 00 00 00 00 00 00 00   17.742
 76 57 45 54 44 34 47 75 67 46 36 27 64 74 35 37 26 58 49 87 43 25 48 53 24 23 62 78 77 68 79 86 88 32 42 38 22 69 59 89 00 00 00 00 00 00 00 00 00 00 00 00 00 00 00 00 00 00 00 00   48.000
 76 77 67 75 54 57 86 87 74 64 85 94 58 95 68 59 79 84 53 45 46 78 73 43 34 00 00 00 00 00 00 00 00 00 00 00 00 00 00 00 00 00 00 00 00 00 00 00 00 00 00 00 00 00 00 00 00 00 00 00  -12.875
 76 57 45 54 44 75 46 34 43 67 47 35 36 53 64 37 42 87 58 77 63 74 73 49 86 95 78 72 59 69 62 68 85 52 82 84 00 00 00 00 00 00 00 00 00 00 00 00 00 00 00 00 00 00 00 00 00 00 00 00   47.680
 76 57 45 54 44 75 46 34 43 67 47 35 36 64 53 77 58 49 26 48 68 59 25 52 78 79 73 37 42 32 63 62 27 84 74 33 00 00 00 00 00 00 00 00 00 00 00 00 00 00 00 00 00 00 00 00 00 00 00 00   29.164
 76 77 67 75 86 87 85 97 64 46 47 58 54 48 36 25 78 94 74 57 68 79 37 59 26 27 38 44 45 73 34 35 00 00 00 00 00 00 00 00 00 00 00 00 00 00 00 00 00 00 00 00 00 00 00 00 00 00 00 00   10.523
 76 77 67 75 64 46 45 57 36 54 44 63 87 74 85 84 68 35 73 96 86 62 24 34 43 53 42 52 72 47 23 48 58 59 37 27 95 79 97 78 38 25 26 29 28 22 69 88 39 49 99 83 82 92 32 33 89 98 93 94  -18.000
 76 57 45 86 77 75 74 84 85 64 54 95 47 67 87 78 96 97 68 46 58 69 36 43 63 62 93 44 53 37 35 94 98 52 72 24 79 26 59 73 00 00 00 00 00 00 00 00 00 00 00 00 00 00 00 00 00 00 00 00   14.000
 76 57 45 86 77 75 74 44 67 87 68 54 85 64 46 73 78 96 97 79 69 59 58 49 48 89 94 95 84 38 62 72 53 63 82 35 83 52 42 43 00 00 00 00 00 00 00 00 00 00 00 00 00 00 00 00 00 00 00 00   38.000
 76 57 45 86 77 75 74 44 67 35 54 84 36 73 85 64 63 95 72 68 43 46 37 53 34 25 24 23 78 42 52 58 87 28 47 26 27 38 22 48 00 00 00 00 00 00 00 00 00 00 00 00 00 00 00 00 00 00 00 00   38.000
 76 57 45 34 35 86 47 64 67 48 58 44 54 43 53 42 24 46 36 78 77 49 75 37 68 87 59 84 39 79 26 25 85 69 89 88 00 00 00 00 00 00 00 00 00 00 00 00 00 00 00 00 00 00 00 00 00 00 00 00   24.719
 76 57 45 86 77 75 74 54 44 34 97 87 64 67 78 63 46 37 35 26 68 36 73 79 59 84 96 47 85 62 58 89 00 00 00 00 00 00 00 00 00 00 00 00 00 00 00 00 00 00 00 00 00 00 00 00 00 00 00 00   21.273
 76 77 67 75 64 46 45 57 36 54 44 63 86 47 85 74 87 37 48 94 95 53 43 58 59 26 68 79 78 84 25 00 00 00 00 00 00 00 00 00 00 00 00 00 00 00 00 00 00 00 00 00 00 00 00 00 00 00 00 00  -17.000
 76 57 45 54 44 75 46 34 43 35 64 52 47 37 24 74 67 63 26 87 36 53 86 77 73 25 42 32 62 33 00 00 00 00 00 00 00 00 00 00 00 00 00 00 00 00 00 00 00 00 00 00 00 00 00 00 00 00 00 00   15.688
 76 77 67 75 86 57 68 96 47 59 45 58 78 79 54 46 64 63 37 27 74 44 69 53 84 94 87 97 88 99 89 85 48 49 73 62 98 83 38 00 00 00 00 00 00 00 00 00 00 00 00 00 00 00 00 00 00 00 00 00   58.000
 76 57 45 75 46 77 86 95 74 54 44 34 00 00 00 00 00 00 00 00 00 00 00 00 00 00 00 00 00 00 00 00 00 00 00 00 00 00 00 00 00 00 00 00 00 00 00 00 00 00 00 00 00 00 00 00 00 00 00 00    5.789
 76 77 67 75 64 46 45 57 86 85 87 74 58 53 47 54 63 00 00 00 00 00 00 00 00 00 00 00 00 00 00 00 00 00 00 00 00 00 00 00 00 00 00 00 00 00 00 00 00 00 00 00 00 00 00 00 00 00 00 00  -14.781
 76 77 67 75 86 87 85 97 64 46 47 94 54 48 36 25 95 74 57 84 00 00 00 00 00 00 00 00 00 00 00 00 00 00 00 00 00 00 00 00 00 00 00 00 00 00 00 00 00 00 00 00 00 00 00 00 00 00 00 00   13.367
 76 77 67 75 64 46 86 84 45 57 47 95 78 58 68 48 59 79 49 69 89 54 44 36 35 37 27 24 25 34 28 26 97 00 00 00 00 00 00 00 00 00 00 00 00 00 00 00 00 00 00 00 00 00 00 00 00 00 00 00  -23.750
 76 57 45 54 44 75 46 34 43 35 64 73 47 53 52 77 63 74 24 26 82 37 67 36 25 23 84 94 68 78 48 72 00 00 00 00 00 00 00 00 00 00 00 00 00 00 00 00 00 00 00 00 00 00 00 00 00 00 00 00    9.430
 76 77 67 75 44 58 84 74 68 78 64 57 86 95 97 45 47 54 49 63 46 94 53 85 87 42 59 69 79 00 00 00 00 00 00 00 00 00 00 00 00 00 00 00 00 00 00 00 00 00 00 00 00 00 00 00 00 00 00 00  -13.578
 76 77 67 75 64 46 86 84 36 95 78 57 47 58 74 68 49 59 87 39 79 48 97 69 94 00 00 00 00 00 00 00 00 00 00 00 00 00 00 00 00 00 00 00 00 00 00 00 00 00 00 00 00 00 00 00 00 00 00 00  -28.992
 76 57 45 86 77 74 75 54 67 64 44 68 00 00 00 00 00 00 00 00 00 00 00 00 00 00 00 00 00 00 00 00 00 00 00 00 00 00 00 00 00 00 00 00 00 00 00 00 00 00 00 00 00 00 00 00 00 00 00 00    5.125
 76 57 45 86 77 75 74 34 35 54 44 64 67 46 43 53 62 58 85 87 63 95 47 73 24 42 52 72 84 32 48 94 59 33 22 37 36 27 26 39 00 00 00 00 00 00 00 00 00 00 00 00 00 00 00 00 00 00 00 00   22.000
 76 57 45 86 77 75 74 54 44 84 64 68 85 63 97 73 87 46 94 35 78 43 59 53 72 93 00 00 00 00 00 00 00 00 00 00 00 00 00 00 00 00 00 00 00 00 00 00 00 00 00 00 00 00 00 00 00 00 00 00   26.969
 76 57 45 86 77 75 74 44 67 64 54 68 85 63 53 95 97 84 58 96 94 87 93 62 72 83 98 52 92 47 73 35 25 36 59 34 33 43 24 79 00 00 00 00 00 00 00 00 00 00 00 00 00 00 00 00 00 00 00 00   38.000
 76 57 45 54 44 75 46 34 43 67 47 37 74 35 24 84 85 95 77 64 73 86 87 53 94 68 63 93 96 52 00 00 00 00 00 00 00 00 00 00 00 00 00 00 00 00 00 00 00 00 00 00 00 00 00 00 00 00 00 00   18.477
 76 57 45 86 77 54 64 74 67 75 44 58 00 00 00 00 00 00 00 00 00 00 00 00 00 00 00 00 00 00 00 00 00 00 00 00 00 00 00 00 00 00 00 00 00 00 00 00 00 00 00 00 00 00 00 00 00 00 00 00    5.789
 76 77 67 75 64 46 86 84 45 57 47 95 58 49 69 36 35 74 87 44 54 53 26 37 96 59 39 85 43 24 78 25 23 79 88 00 00 00 00 00 00 00 00 00 00 00 00 00 00 00 00 00 00 00 00 00 00 00 00 00  -16.273
 76 77 67 75 54 57 86 87 68 78 74 79 59 46 85 69 48 00 00 00 00 00 00 00 00 00 00 00 00 00 00 00 00 00 00 00 00 00 00 00 00 00 00 00 00 00 00 00 00 00 00 00 00 00 00 00 00 00 00 00  -13.211
 76 77 67 75 64 46 86 84 45 57 47 95 68 36 85 58 93 59 97 78 37 27 48 74 87 53 73 54 43 35 44 00 00 00 00 00 00 00 00 00 00 00 00 00 00 00 00 00 00 00 00 00 00 00 00 00 00 00 00 00   -8.289
 76 57 45 54 44 75 46 34 43 64 53 62 52 47 63 72 73 42 74 82 58 85 94 48 35 67 77 96 36 59 68 84 23 37 33 24 22 32 25 88 00 00 00 00 00 00 00 00 00 00 00 00 00 00 00 00 00 00 00 00   50.000
 76 77 67 75 86 68 78 57 74 85 94 96 87 97 58 84 64 63 44 45 47 54 46 79 95 69 00 00 00 00 00 00 00 00 00 00 00 00 00 00 00 00 00 00 00 00 00 00 00 00 00 00 00 00 00 00 00 00 00 00   12.914
 76 77 67 75 86 68 78 96 64 58 57 54 84 85 74 87 49 53 97 63 95 94 45 98 79 48 46 44 47 35 24 59 69 26 34 39 29 88 43 32 00 00 00 00 00 00 00 00 00 00 00 00 00 00 00 00 00 00 00 00   32.000
 76 77 67 75 64 46 45 57 85 84 68 54 87 58 44 94 86 96 95 74 97 98 78 59 37 69 49 39 47 48 88 35 79 99 34 00 00 00 00 00 00 00 00 00 00 00 00 00 00 00 00 00 00 00 00 00 00 00 00 00  -29.047
 76 77 67 75 86 68 78 96 64 54 84 63 74 85 94 87 95 93 45 97 88 35 44 34 43 47 53 58 46 52 57 48 00 00 00 00 00 00 00 00 00 00 00 00 00 00 00 00 00 00 00 00 00 00 00 00 00 00 00 00    9.914
 76 77 67 75 64 46 45 57 36 54 78 47 48 68 58 49 87 34 63 79 74 39 59 69 84 43 85 37 44 00 00 00 00 00 00 00 00 00 00 00 00 00 00 00 00 00 00 00 00 00 00 00 00 00 00 00 00 00 00 00  -18.484
 76 77 67 75 74 46 47 64 87 57 45 78 68 69 84 36 79 89 44 86 85 48 35 00 00 00 00 00 00 00 00 00 00 00 00 00 00 00 00 00 00 00 00 00 00 00 00 00 00 00 00 00 00 00 00 00 00 00 00 00  -10.672
 76 57 45 54 44 75 46 34 43 64 53 47 35 24 84 85 74 42 36 73 63 25 62 37 27 26 23 72 52 33 22 87 00 00 00 00 00 00 00 00 00 00 00 00 00 00 00 00 00 00 00 00 00 00 00 00 00 00 00 00   37.805
 76 57 45 54 44 75 46 34 43 64 53 47 35 24 84 93 85 67 74 63 77 96 68 79 58 69 49 59 89 62 95 88 00 00 00 00 00 00 00 00 00 00 00 00 00 00 00 00 00 00 00 00 00 00 00 00 00 00 00 00   30.094
 76 77 67 75 44 58 74 57 85 64 54 94 96 47 68 84 86 63 73 43 53 72 45 62 87 36 35 25 46 37 24 52 26 48 27 95 93 38 69 59 00 00 00 00 00 00 00 00 00 00 00 00 00 00 00 00 00 00 00 00  -10.000
 76 77 67 75 44 58 74 57 68 46 86 87 85 95 47 94 48 54 64 79 69 45 36 35 84 78 37 59 96 97 25 00 00 00 00 00 00 00 00 00 00 00 00 00 00 00 00 00 00 00 00 00 00 00 00 00 00 00 00 00  -14.156
 76 77 67 75 64 46 86 84 85 74 63 97 94 57 78 87 96 53 54 62 72 82 68 95 52 00 00 00 00 00 00 00 00 00 00 00 00 00 00 00 00 00 00 00 00 00 00 00 00 00 00 00 00 00 00 00 00 00 00 00   -9.570
 76 77 67 75 44 58 84 74 64 45 47 54 46 63 86 73 85 87 68 35 34 53 24 97 95 94 43 96 49 00 00 00 00 00 00 00 00 00 00 00 00 00 00 00 00 00 00 00 00 00 00 00 00 00 00 00 00 00 00 00  -11.422
 76 57 45 86 77 75 74 54 44 36 64 63 47 43 67 53 84 87 85 46 62 48 96 97 95 72 52 68 00 00 00 00 00 00 00 00 00 00 00 00 00 00 00 00 00 00 00 00 00 00 00 00 00 00 00 00 00 00 00 00   10.969
 76 57 45 54 44 75 46 34 43 64 53 77 35 67 47 63 74 24 73 48 36 25 27 37 58 49 68 79 38 84 26 62 28 78 23 32 85 29 86 00 00 00 00 00 00 00 00 00 00 00 00 00 00 00 00 00 00 00 00 00   14.000
 76 77 67 75 64 46 87 74 86 84 45 54 47 35 34 57 44 36 85 43 58 95 52 96 63 53 73 42 97 25 37 62 82 72 32 98 24 68 27 23 00 00 00 00 00 00 00 00 00 00 00 00 00 00 00 00 00 00 00 00  -12.000
 76 77 67 75 87 46 85 86 74 64 96 73 72 97 98 78 54 94 69 00 00 00 00 00 00 00 00 00 00 00 00 00 00 00 00 00 00 00 00 00 00 00 00 00 00 00 00 00 00 00 00 00 00 00 00 00 00 00 00 00  -11.734
 76 77 67 75 64 46 45 57 36 54 44 63 73 43 72 35 47 34 74 27 58 53 68 84 52 42 26 25 23 24 87 00 00 00 00 00 00 00 00 00 00 00 00 00 00 00 00 00 00 00 00 00 00 00 00 00 00 00 00 00  -30.391
 76 77 67 75 64 46 45 57 36 54 44 63 73 43 88 74 85 86 52 94 84 35 68 58 26 24 37 34 97 47 53 96 42 69 25 78 23 99 95 98 48 27 28 39 87 93 83 92 82 62 72 32 79 89 33 22 38 29 00 00  -24.000
 76 77 67 75 44 58 74 57 68 46 86 87 64 96 78 79 45 69 36 85 47 84 49 73 59 39 88 63 97 48 94 00 00 00 00 00 00 00 00 00 00 00 00 00 00 00 00 00 00 00 00 00 00 00 00 00 00 00 00 00  -10.883
 76 57 45 75 46 54 67 77 64 74 58 48 78 49 68 59 43 47 69 79 63 36 27 34 35 26 25 44 53 62 37 52 72 42 32 23 86 84 94 96 00 00 00 00 00 00 00 00 00 00 00 00 00 00 00 00 00 00 00 00   14.000
 76 77 67 75 87 46 85 86 74 64 96 73 54 44 63 95 94 72 52 62 82 97 84 93 43 00 00 00 00 00 00 00 00 00 00 00 00 00 00 00 00 00 00 00 00 00 00 00 00 00 00 00 00 00 00 00 00 00 00 00  -11.344
 76 77 67 75 87 46 85 86 95 97 64 78 96 94 84 98 45 53 57 00 00 00 00 00 00 00 00 00 00 00 00 00 00 00 00 00 00 00 00 00 00 00 00 00 00 00 00 00 00 00 00 00 00 00 00 00 00 00 00 00   -6.500
 76 77 67 75 86 68 78 47 74 84 94 73 69 96 85 87 95 93 64 54 97 59 00 00 00 00 00 00 00 00 00 00 00 00 00 00 00 00 00 00 00 00 00 00 00 00 00 00 00 00 00 00 00 00 00 00 00 00 00 00   33.102
 76 77 67 75 87 46 74 85 96 95 64 57 44 86 94 84 97 68 47 45 54 43 93 78 58 53 59 88 36 73 62 72 82 49 63 34 48 27 52 37 00 00 00 00 00 00 00 00 00 00 00 00 00 00 00 00 00 00 00 00  -14.000
 76 77 67 75 87 46 85 86 64 74 63 57 54 53 96 72 36 68 45 94 95 44 78 58 73 84 93 47 35 79 49 59 48 34 42 62 83 26 25 24 00 00 00 00 00 00 00 00 00 00 00 00 00 00 00 00 00 00 00 00  -10.000
 76 57 45 54 44 34 47 37 58 69 27 36 43 75 46 64 48 35 26 42 59 49 23 77 53 25 24 68 79 78 39 63 00 00 00 00 00 00 00 00 00 00 00 00 00 00 00 00 00 00 00 00 00 00 00 00 00 00 00 00   27.633
 76 57 45 54 44 34 47 37 58 69 27 36 43 42 24 53 46 35 48 67 64 39 62 52 25 26 32 77 63 85 86 96 68 75 59 72 33 73 49 38 00 00 00 00 00 00 00 00 00 00 00 00 00 00 00 00 00 00 00 00   16.000
 76 77 67 75 87 46 85 86 44 57 64 74 54 00 00 00 00 00 00 00 00 00 00 00 00 00 00 00 00 00 00 00 00 00 00 00 00 00 00 00 00 00 00 00 00 00 00 00 00 00 00 00 00 00 00 00 00 00 00 00   -4.477
 76 57 45 54 44 75 46 34 43 64 53 37 35 67 47 36 78 77 85 74 63 84 68 96 58 48 87 72 86 73 94 62 42 59 52 89 82 79 95 93 00 00 00 00 00 00 00 00 00 00 00 00 00 00 00 00 00 00 00 00   38.000
 76 57 45 54 44 75 46 34 43 64 53 37 35 36 47 58 73 77 85 67 86 42 27 26 25 24 23 62 69 48 78 59 68 74 28 72 63 87 83 96 00 00 00 00 00 00 00 00 00 00 00 00 00 00 00 00 00 00 00 00   20.000
 76 77 67 75 64 46 86 84 85 74 87 54 73 95 63 97 43 68 47 58 78 44 59 48 49 57 53 45 39 79 35 34 37 69 36 00 00 00 00 00 00 00 00 00 00 00 00 00 00 00 00 00 00 00 00 00 00 00 00 00  -16.633
 76 77 67 75 64 46 45 57 36 54 85 63 86 74 48 00 00 00 00 00 00 00 00 00 00 00 00 00 00 00 00 00 00 00 00 00 00 00 00 00 00 00 00 00 00 00 00 00 00 00 00 00 00 00 00 00 00 00 00 00  -14.031
 76 77 67 75 64 46 45 57 37 36 85 74 47 44 68 73 54 35 63 84 53 95 27 26 86 87 43 72 62 34 82 69 94 93 79 89 97 52 42 78 00 00 00 00 00 00 00 00 00 00 00 00 00 00 00 00 00 00 00 00  -18.000
 76 77 67 75 64 46 45 57 37 36 85 74 47 44 58 35 84 86 48 53 96 87 68 59 49 78 97 79 69 00 00 00 00 00 00 00 00 00 00 00 00 00 00 00 00 00 00 00 00 00 00 00 00 00 00 00 00 00 00 00  -10.891
 76 77 67 75 64 46 45 57 37 36 35 74 84 00 00 00 00 00 00 00 00 00 00 00 00 00 00 00 00 00 00 00 00 00 00 00 00 00 00 00 00 00 00 00 00 00 00 00 00 00 00 00 00 00 00 00 00 00 00 00   -7.875
 76 77 67 75 44 58 84 74 64 45 86 87 78 96 47 54 95 46 57 68 34 85 36 37 94 26 49 59 63 00 00 00 00 00 00 00 00 00 00 00 00 00 00 00 00 00 00 00 00 00 00 00 00 00 00 00 00 00 00 00   -9.203
 76 77 67 75 87 46 85 86 74 64 95 73 54 44 47 57 36 68 78 79 69 00 00 00 00 00 00 00 00 00 00 00 00 00 00 00 00 00 00 00 00 00 00 00 00 00 00 00 00 00 00 00 00 00 00 00 00 00 00 00  -10.969
 76 77 67 75 87 46 85 86 74 64 95 73 54 44 63 72 52 53 47 57 42 00 00 00 00 00 00 00 00 00 00 00 00 00 00 00 00 00 00 00 00 00 00 00 00 00 00 00 00 00 00 00 00 00 00 00 00 00 00 00  -10.070
 76 77 67 75 86 97 64 46 87 78 57 68 47 45 74 58 95 48 79 84 85 96 98 94 93 54 43 53 42 52 62 63 69 72 82 73 44 89 99 88 59 49 00 00 00 00 00 00 00 00 00 00 00 00 00 00 00 00 00 00   22.000
 76 77 67 75 86 68 78 96 64 63 57 47 69 79 89 58 48 39 45 46 49 36 54 38 37 43 87 34 44 33 00 00 00 00 00 00 00 00 00 00 00 00 00 00 00 00 00 00 00 00 00 00 00 00 00 00 00 00 00 00   24.000
 76 57 45 54 44 75 46 34 43 64 53 67 35 77 73 74 63 72 84 52 47 62 86 85 95 97 96 87 98 93 48 25 00 00 00 00 00 00 00 00 00 00 00 00 00 00 00 00 00 00 00 00 00 00 00 00 00 00 00 00    8.727
 76 57 45 54 44 75 46 36 35 34 43 64 24 26 27 28 58 47 37 87 86 77 68 48 63 67 74 49 59 96 23 78 39 25 29 83 38 73 53 42 00 00 00 00 00 00 00 00 00 00 00 00 00 00 00 00 00 00 00 00   58.000
 76 57 45 54 44 75 46 36 35 34 43 64 24 67 25 37 53 77 47 42 28 32 63 73 74 33 58 26 27 68 79 69 59 38 78 83 84 94 23 85 00 00 00 00 00 00 00 00 00 00 00 00 00 00 00 00 00 00 00 00   38.000
 76 77 67 75 86 87 85 97 64 46 47 73 54 45 96 68 58 57 74 49 44 37 36 26 69 59 39 34 72 63 00 00 00 00 00 00 00 00 00 00 00 00 00 00 00 00 00 00 00 00 00 00 00 00 00 00 00 00 00 00   12.109
 76 57 45 54 44 75 46 34 43 67 47 63 35 64 24 77 53 42 62 36 25 27 74 52 32 37 73 84 48 58 59 69 79 82 68 49 00 00 00 00 00 00 00 00 00 00 00 00 00 00 00 00 00 00 00 00 00 00 00 00   22.641
 76 57 45 54 44 75 46 34 43 67 47 63 35 25 78 53 74 37 36 52 68 58 64 73 49 59 69 26 72 48 62 85 94 87 96 95 84 77 86 83 00 00 00 00 00 00 00 00 00 00 00 00 00 00 00 00 00 00 00 00   10.000
 76 77 67 75 86 68 78 46 74 84 94 96 85 79 64 95 97 87 98 58 44 45 57 53 54 48 35 25 34 47 52 73 62 42 63 82 72 24 36 26 00 00 00 00 00 00 00 00 00 00 00 00 00 00 00 00 00 00 00 00   36.000
 76 77 67 75 64 46 45 57 85 84 68 54 63 44 47 74 53 52 72 94 37 36 43 78 73 69 35 42 62 82 86 87 95 96 98 58 48 97 93 24 00 00 00 00 00 00 00 00 00 00 00 00 00 00 00 00 00 00 00 00  -10.000
 76 57 45 86 77 75 74 34 35 44 67 46 85 64 63 84 97 58 53 96 87 52 62 72 73 43 94 98 47 26 42 54 82 33 59 83 93 38 48 36 00 00 00 00 00 00 00 00 00 00 00 00 00 00 00 00 00 00 00 00   44.000
 76 57 45 86 77 75 74 34 35 44 67 84 54 46 85 78 97 53 58 68 47 25 36 64 43 37 62 63 27 69 49 59 23 38 79 96 87 98 72 42 00 00 00 00 00 00 00 00 00 00 00 00 00 00 00 00 00 00 00 00   24.000
 76 77 67 75 64 46 86 84 45 57 47 95 68 36 85 58 78 87 49 34 48 54 37 74 96 00 00 00 00 00 00 00 00 00 00 00 00 00 00 00 00 00 00 00 00 00 00 00 00 00 00 00 00 00 00 00 00 00 00 00   -5.836
 76 57 45 86 77 75 74 84 85 54 97 64 73 95 96 98 53 87 67 58 43 72 48 78 44 63 59 47 46 35 36 26 27 28 25 39 49 37 68 24 00 00 00 00 00 00 00 00 00 00 00 00 00 00 00 00 00 00 00 00   34.000
 76 77 67 75 64 46 45 57 68 79 36 58 87 85 78 97 49 59 69 39 86 63 88 47 54 74 73 72 89 99 94 00 00 00 00 00 00 00 00 00 00 00 00 00 00 00 00 00 00 00 00 00 00 00 00 00 00 00 00 00  -24.672
 76 77 67 75 64 46 45 57 68 79 36 58 85 54 44 84 87 74 86 94 95 53 63 62 72 73 52 37 69 59 78 83 48 89 26 00 00 00 00 00 00 00 00 00 00 00 00 00 00 00 00 00 00 00 00 00 00 00 00 00  -16.711
 76 77 67 75 64 46 45 57 68 79 36 58 85 54 86 87 63 53 44 94 95 96 49 78 62 00 00 00 00 00 00 00 00 00 00 00 00 00 00 00 00 00 00 00 00 00 00 00 00 00 00 00 00 00 00 00 00 00 00 00   -9.711
 76 57 45 86 77 75 74 54 44 64 67 73 53 42 47 46 00 00 00 00 00 00 00 00 00 00 00 00 00 00 00 00 00 00 00 00 00 00 00 00 00 00 00 00 00 00 00 00 00 00 00 00 00 00 00 00 00 00 00 00    6.391
 76 77 67 75 86 87 85 68 78 96 64 94 46 53 63 73 62 57 74 84 72 69 43 54 44 45 47 58 48 37 79 59 35 89 36 42 52 24 32 88 00 00 00 00 00 00 00 00 00 00 00 00 00 00 00 00 00 00 00 00   34.000
 76 57 45 86 77 75 74 54 44 87 64 67 97 63 53 35 36 84 73 96 94 43 42 52 46 27 62 83 95 47 85 72 92 93 82 32 22 34 33 23 00 00 00 00 00 00 00 00 00 00 00 00 00 00 00 00 00 00 00 00   58.000
 76 57 45 86 77 75 74 54 44 87 64 83 96 35 84 67 92 95 97 98 26 85 36 53 63 62 48 58 72 43 46 25 24 47 52 34 59 69 68 78 94 79 73 37 38 42 99 49 27 28 32 23 29 39 22 33 89 88 00 00   26.000
 76 57 45 75 46 77 86 97 74 54 64 44 63 85 67 36 58 35 37 53 87 84 52 49 73 47 48 42 78 68 69 59 39 88 26 25 24 27 62 23 00 00 00 00 00 00 00 00 00 00 00 00 00 00 00 00 00 00 00 00   22.000
 76 77 67 75 87 46 85 86 64 74 54 57 84 63 45 94 52 68 53 73 96 47 44 62 58 42 79 43 78 48 35 00 00 00 00 00 00 00 00 00 00 00 00 00 00 00 00 00 00 00 00 00 00 00 00 00 00 00 00 00   -9.133
 76 77 67 75 86 68 78 57 74 87 59 79 48 47 69 58 89 95 97 96 94 49 39 46 00 00 00 00 00 00 00 00 00 00 00 00 00 00 00 00 00 00 00 00 00 00 00 00 00 00 00 00 00 00 00 00 00 00 00 00   17.125
 76 77 67 75 64 46 45 57 87 86 68 54 96 78 58 79 63 43 44 48 36 85 74 00 00 00 00 00 00 00 00 00 00 00 00 00 00 00 00 00 00 00 00 00 00 00 00 00 00 00 00 00 00 00 00 00 00 00 00 00   -9.188
 76 77 67 75 64 46 45 57 37 36 58 47 68 00 00 00 00 00 00 00 00 00 00 00 00 00 00 00 00 00 00 00 00 00 00 00 00 00 00 00 00 00 00 00 00 00 00 00 00 00 00 00 00 00 00 00 00 00 00 00  -10.852
 76 75 64 77 54 63 74 73 67 53 86 45 87 57 00 00 00 00 00 00 00 00 00 00 00 00 00 00 00 00 00 00 00 00 00 00 00 00 00 00 00 00 00 00 00 00 00 00 00 00 00 00 00 00 00 00 00 00 00 00   10.516
 76 57 45 54 44 75 46 34 43 67 47 64 35 25 68 58 77 86 48 52 85 87 96 78 74 97 95 94 53 62 36 63 00 00 00 00 00 00 00 00 00 00 00 00 00 00 00 00 00 00 00 00 00 00 00 00 00 00 00 00    9.844
 76 77 67 75 87 46 74 85 94 86 95 97 64 84 44 63 93 73 54 43 72 53 42 98 37 78 79 68 58 00 00 00 00 00 00 00 00 00 00 00 00 00 00 00 00 00 00 00 00 00 00 00 00 00 00 00 00 00 00 00  -12.398
 76 77 67 75 87 46 85 86 95 97 74 64 45 84 94 78 96 93 88 00 00 00 00 00 00 00 00 00 00 00 00 00 00 00 00 00 00 00 00 00 00 00 00 00 00 00 00 00 00 00 00 00 00 00 00 00 00 00 00 00   -5.695
 76 57 45 54 44 75 46 34 43 64 53 42 85 37 47 35 58 63 27 86 67 74 87 77 84 78 68 69 36 48 00 00 00 00 00 00 00 00 00 00 00 00 00 00 00 00 00 00 00 00 00 00 00 00 00 00 00 00 00 00   10.914
 76 77 67 75 87 46 85 86 74 64 45 84 96 58 53 54 78 36 57 47 73 68 43 97 69 59 49 48 34 95 39 79 35 00 00 00 00 00 00 00 00 00 00 00 00 00 00 00 00 00 00 00 00 00 00 00 00 00 00 00  -20.930
 76 77 67 75 87 46 85 86 74 64 45 84 73 53 54 63 96 97 98 43 72 78 79 58 68 62 47 52 95 00 00 00 00 00 00 00 00 00 00 00 00 00 00 00 00 00 00 00 00 00 00 00 00 00 00 00 00 00 00 00  -14.492
 76 77 67 75 64 46 45 57 85 84 87 94 37 97 58 49 68 59 79 78 88 86 69 47 48 54 63 36 44 35 95 99 96 89 74 00 00 00 00 00 00 00 00 00 00 00 00 00 00 00 00 00 00 00 00 00 00 00 00 00  -24.953
 76 77 67 75 44 58 84 74 68 78 86 87 85 57 64 95 97 94 98 93 79 73 47 53 63 52 42 32 49 00 00 00 00 00 00 00 00 00 00 00 00 00 00 00 00 00 00 00 00 00 00 00 00 00 00 00 00 00 00 00  -12.031
 76 77 67 75 86 68 78 87 96 79 85 46 59 57 74 73 54 64 63 62 53 45 72 52 58 82 44 35 47 37 48 69 49 39 26 83 42 32 84 27 00 00 00 00 00 00 00 00 00 00 00 00 00 00 00 00 00 00 00 00   24.000
 76 77 67 75 86 68 78 57 74 84 94 96 95 93 46 47 54 64 45 87 59 34 36 44 35 97 00 00 00 00 00 00 00 00 00 00 00 00 00 00 00 00 00 00 00 00 00 00 00 00 00 00 00 00 00 00 00 00 00 00    9.078
 76 77 67 75 64 46 45 57 37 36 87 86 68 78 84 79 27 54 47 74 43 34 44 58 49 35 48 53 59 69 25 00 00 00 00 00 00 00 00 00 00 00 00 00 00 00 00 00 00 00 00 00 00 00 00 00 00 00 00 00  -11.969
 76 77 67 75 87 46 85 86 54 78 47 45 58 64 57 68 96 37 34 35 74 84 59 79 44 69 49 39 48 36 94 00 00 00 00 00 00 00 00 00 00 00 00 00 00 00 00 00 00 00 00 00 00 00 00 00 00 00 00 00  -11.453
 76 77 67 75 86 87 85 68 78 96 64 46 74 57 69 54 48 94 47 63 73 58 35 53 84 72 95 79 59 49 97 98 83 45 42 82 52 62 92 93 00 00 00 00 00 00 00 00 00 00 00 00 00 00 00 00 00 00 00 00   56.000
 76 77 67 75 86 87 85 68 78 96 64 46 74 63 57 47 97 98 94 84 73 72 58 79 69 59 54 45 52 53 49 95 00 00 00 00 00 00 00 00 00 00 00 00 00 00 00 00 00 00 00 00 00 00 00 00 00 00 00 00   48.797
 76 77 67 75 86 87 85 68 78 96 64 53 74 54 63 94 46 84 45 73 69 79 83 59 95 58 97 98 42 57 52 62 82 47 72 36 37 43 34 44 26 35 25 23 24 27 48 33 49 39 38 29 28 92 93 32 99 00 00 00   12.000
 76 57 45 54 44 75 46 34 43 35 64 74 53 63 36 27 58 87 26 67 25 52 78 47 37 24 77 28 86 97 72 42 62 82 32 33 22 68 23 49 00 00 00 00 00 00 00 00 00 00 00 00 00 00 00 00 00 00 00 00   60.000
 76 77 67 75 87 46 85 86 74 64 54 95 94 93 44 84 45 35 97 57 96 98 37 36 27 58 68 26 24 25 59 34 43 78 73 69 53 49 63 47 00 00 00 00 00 00 00 00 00 00 00 00 00 00 00 00 00 00 00 00  -14.000
 76 57 45 54 44 75 46 34 43 67 47 53 64 36 42 73 63 77 58 68 24 37 35 48 27 74 28 62 49 52 72 32 22 23 33 38 00 00 00 00 00 00 00 00 00 00 00 00 00 00 00 00 00 00 00 00 00 00 00 00   17.750
 76 57 45 54 44 75 46 34 43 53 67 35 85 84 58 78 77 64 74 48 79 59 94 86 47 73 52 62 95 97 72 36 63 87 96 82 92 42 33 93 00 00 00 00 00 00 00 00 00 00 00 00 00 00 00 00 00 00 00 00   40.000
 76 57 45 54 44 75 46 34 43 53 67 36 35 78 64 47 27 73 24 74 85 84 62 52 42 87 63 26 72 25 86 95 94 93 96 83 00 00 00 00 00 00 00 00 00 00 00 00 00 00 00 00 00 00 00 00 00 00 00 00   22.055
 76 77 67 75 86 68 78 96 64 54 84 53 85 74 94 47 46 57 87 45 59 95 97 58 49 88 48 89 00 00 00 00 00 00 00 00 00 00 00 00 00 00 00 00 00 00 00 00 00 00 00 00 00 00 00 00 00 00 00 00   16.758
 76 57 45 75 46 77 86 97 74 64 63 73 85 44 54 62 52 43 53 87 67 37 35 68 96 47 42 24 72 34 36 25 27 83 00 00 00 00 00 00 00 00 00 00 00 00 00 00 00 00 00 00 00 00 00 00 00 00 00 00   18.688
 76 77 67 75 86 68 78 57 74 87 59 84 94 79 64 96 45 44 46 35 58 47 85 48 69 49 95 34 97 54 36 37 53 83 63 52 92 62 43 42 00 00 00 00 00 00 00 00 00 00 00 00 00 00 00 00 00 00 00 00   16.000
 76 77 67 75 64 46 87 74 86 84 73 68 94 85 54 63 72 52 58 78 69 96 53 00 00 00 00 00 00 00 00 00 00 00 00 00 00 00 00 00 00 00 00 00 00 00 00 00 00 00 00 00 00 00 00 00 00 00 00 00  -12.344
 76 77 67 75 64 46 87 74 86 84 73 68 95 97 78 96 57 47 98 79 48 53 36 58 63 00 00 00 00 00 00 00 00 00 00 00 00 00 00 00 00 00 00 00 00 00 00 00 00 00 00 00 00 00 00 00 00 00 00 00   -9.742
 76 77 67 75 86 57 68 85 74 96 64 58 87 84 97 79 59 98 44 69 89 45 93 95 78 53 49 48 46 63 39 47 54 35 43 37 72 00 00 00 00 00 00 00 00 00 00 00 00 00 00 00 00 00 00 00 00 00 00 00   22.000
 76 57 45 86 77 75 74 54 44 83 64 53 00 00 00 00 00 00 00 00 00 00 00 00 00 00 00 00 00 00 00 00 00 00 00 00 00 00 00 00 00 00 00 00 00 00 00 00 00 00 00 00 00 00 00 00 00 00 00 00   29.828
 76 77 67 75 87 46 85 86 74 64 54 95 47 78 96 97 44 00 00 00 00 00 00 00 00 00 00 00 00 00 00 00 00 00 00 00 00 00 00 00 00 00 00 00 00 00 00 00 00 00 00 00 00 00 00 00 00 00 00 00   -9.797
 76 77 67 75 86 57 68 96 47 59 45 46 64 44 87 97 85 74 36 26 84 73 48 95 78 79 54 58 69 53 88 99 89 38 94 93 98 00 00 00 00 00 00 00 00 00 00 00 00 00 00 00 00 00 00 00 00 00 00 00   58.000
 76 77 67 75 64 46 45 57 68 79 84 74 87 53 54 86 78 97 42 85 95 63 72 73 96 94 88 44 43 99 98 69 34 89 35 25 47 36 58 59 00 00 00 00 00 00 00 00 00 00 00 00 00 00 00 00 00 00 00 00  -16.000
 76 77 67 75 64 46 45 57 68 79 84 74 48 58 47 54 85 86 53 43 44 94 59 73 69 36 35 78 89 95 25 26 27 37 28 52 63 34 42 62 00 00 00 00 00 00 00 00 00 00 00 00 00 00 00 00 00 00 00 00  -12.000
 76 77 67 75 86 68 78 96 64 54 84 46 57 58 47 85 97 98 74 63 95 45 00 00 00 00 00 00 00 00 00 00 00 00 00 00 00 00 00 00 00 00 00 00 00 00 00 00 00 00 00 00 00 00 00 00 00 00 00 00   28.391
 76 77 67 75 64 46 45 57 37 36 27 74 68 79 48 47 58 63 87 78 86 34 59 69 85 54 43 00 00 00 00 00 00 00 00 00 00 00 00 00 00 00 00 00 00 00 00 00 00 00 00 00 00 00 00 00 00 00 00 00  -14.203
 76 77 67 75 87 46 74 85 96 95 64 57 94 63 54 53 47 58 36 68 45 44 73 34 48 37 35 27 26 84 79 69 49 59 78 72 28 24 38 25 00 00 00 00 00 00 00 00 00 00 00 00 00 00 00 00 00 00 00 00  -12.000
 76 75 64 53 63 77 54 44 45 74 67 35 86 68 73 57 43 85 87 84 95 52 62 42 78 79 46 72 48 58 47 97 24 93 94 36 00 00 00 00 00 00 00 00 00 00 00 00 00 00 00 00 00 00 00 00 00 00 00 00   22.328
 76 57 45 54 44 75 46 34 43 67 47 77 48 36 37 53 35 26 78 68 27 49 58 28 24 79 25 69 00 00 00 00 00 00 00 00 00 00 00 00 00 00 00 00 00 00 00 00 00 00 00 00 00 00 00 00 00 00 00 00   35.148
 76 57 45 54 44 75 46 34 43 67 47 48 74 42 35 77 53 36 24 25 26 84 85 52 64 63 73 62 68 78 37 87 86 94 95 96 49 59 69 33 00 00 00 00 00 00 00 00 00 00 00 00 00 00 00 00 00 00 00 00   18.000
 76 57 45 54 44 75 46 34 43 52 24 47 35 53 36 37 74 25 26 67 58 27 28 77 48 68 63 64 23 59 79 69 49 72 73 38 29 87 39 86 00 00 00 00 00 00 00 00 00 00 00 00 00 00 00 00 00 00 00 00   58.000
 76 77 67 75 86 87 85 97 64 46 47 57 68 94 36 58 54 78 84 37 48 59 27 74 95 43 00 00 00 00 00 00 00 00 00 00 00 00 00 00 00 00 00 00 00 00 00 00 00 00 00 00 00 00 00 00 00 00 00 00   15.141
 76 77 67 75 86 87 85 97 64 46 47 54 74 00 00 00 00 00 00 00 00 00 00 00 00 00 00 00 00 00 00 00 00 00 00 00 00 00 00 00 00 00 00 00 00 00 00 00 00 00 00 00 00 00 00 00 00 00 00 00    4.289
 76 77 67 75 86 68 78 47 74 84 94 96 85 95 97 87 46 79 59 58 54 57 64 44 45 36 98 34 35 24 43 53 63 42 49 48 39 62 26 25 00 00 00 00 00 00 00 00 00 00 00 00 00 00 00 00 00 00 00 00   20.000
 76 77 67 75 86 87 85 68 78 96 64 74 94 84 54 79 88 46 73 57 95 43 44 45 47 99 35 63 48 34 83 36 58 37 53 93 92 69 97 82 00 00 00 00 00 00 00 00 00 00 00 00 00 00 00 00 00 00 00 00   54.000
 76 77 67 75 86 87 85 68 78 96 64 74 94 73 84 54 45 47 95 46 97 58 00 00 00 00 00 00 00 00 00 00 00 00 00 00 00 00 00 00 00 00 00 00 00 00 00 00 00 00 00 00 00 00 00 00 00 00 00 00   11.406
 76 77 67 75 86 68 78 87 96 47 85 79 59 97 95 69 00 00 00 00 00 00 00 00 00 00 00 00 00 00 00 00 00 00 00 00 00 00 00 00 00 00 00 00 00 00 00 00 00 00 00 00 00 00 00 00 00 00 00 00   14.570
 76 57 45 54 44 75 46 34 43 67 47 52 48 63 58 78 42 37 53 32 35 36 64 62 74 77 00 00 00 00 00 00 00 00 00 00 00 00 00 00 00 00 00 00 00 00 00 00 00 00 00 00 00 00 00 00 00 00 00 00   11.633
 76 57 45 54 44 34 47 75 67 46 36 27 64 74 35 25 24 87 86 00 00 00 00 00 00 00 00 00 00 00 00 00 00 00 00 00 00 00 00 00 00 00 00 00 00 00 00 00 00 00 00 00 00 00 00 00 00 00 00 00    6.703
 76 77 67 75 86 68 78 57 74 87 59 96 64 83 85 95 54 73 00 00 00 00 00 00 00 00 00 00 00 00 00 00 00 00 00 00 00 00 00 00 00 00 00 00 00 00 00 00 00 00 00 00 00 00 00 00 00 00 00 00   29.828
 76 57 45 54 44 75 46 34 43 77 24 36 37 74 27 53 62 35 47 26 25 42 63 64 73 48 84 94 52 32 00 00 00 00 00 00 00 00 00 00 00 00 00 00 00 00 00 00 00 00 00 00 00 00 00 00 00 00 00 00   25.938
 76 57 45 54 44 75 46 34 43 67 47 35 36 85 26 53 64 25 58 63 74 42 87 73 94 77 78 96 86 95 97 48 37 84 59 68 69 27 38 00 00 00 00 00 00 00 00 00 00 00 00 00 00 00 00 00 00 00 00 00   22.000
 76 77 67 75 86 57 68 85 74 96 64 87 44 84 78 59 46 69 94 45 47 37 97 95 54 36 35 24 26 25 23 63 53 73 48 52 27 34 58 49 00 00 00 00 00 00 00 00 00 00 00 00 00 00 00 00 00 00 00 00   28.000
 76 77 67 75 64 46 45 57 68 79 86 74 85 47 78 87 59 44 73 94 58 96 97 49 54 69 89 99 95 00 00 00 00 00 00 00 00 00 00 00 00 00 00 00 00 00 00 00 00 00 00 00 00 00 00 00 00 00 00 00  -20.422
 76 57 45 86 77 75 74 54 44 64 67 78 47 84 73 48 63 37 96 97 98 46 58 35 34 59 95 43 87 68 85 25 79 83 69 53 49 94 93 88 00 00 00 00 00 00 00 00 00 00 00 00 00 00 00 00 00 00 00 00   48.000
 76 57 45 86 77 75 74 54 44 64 67 78 47 73 53 68 87 96 63 52 85 42 95 94 97 98 83 84 62 48 58 49 72 36 93 35 99 46 59 43 00 00 00 00 00 00 00 00 00 00 00 00 00 00 00 00 00 00 00 00   30.000
 76 57 45 75 46 54 67 77 64 74 58 47 68 44 84 85 37 48 36 79 59 26 25 28 00 00 00 00 00 00 00 00 00 00 00 00 00 00 00 00 00 00 00 00 00 00 00 00 00 00 00 00 00 00 00 00 00 00 00 00   12.102
 76 77 67 75 64 46 47 54 44 73 74 58 45 63 85 86 78 84 96 97 94 00 00 00 00 00 00 00 00 00 00 00 00 00 00 00 00 00 00 00 00 00 00 00 00 00 00 00 00 00 00 00 00 00 00 00 00 00 00 00  -10.117
 76 77 67 75 86 68 78 57 74 84 94 87 59 00 00 00 00 00 00 00 00 00 00 00 00 00 00 00 00 00 00 00 00 00 00 00 00 00 00 00 00 00 00 00 00 00 00 00 00 00 00 00 00 00 00 00 00 00 00 00    4.273
 76 57 45 75 46 77 86 54 47 37 74 44 36 25 58 67 64 35 53 49 34 52 43 42 27 63 68 79 48 84 59 24 78 38 73 69 26 89 29 87 00 00 00 00 00 00 00 00 00 00 00 00 00 00 00 00 00 00 00 00   10.000
 76 77 67 75 64 46 45 57 85 84 78 68 74 87 69 00 00 00 00 00 00 00 00 00 00 00 00 00 00 00 00 00 00 00 00 00 00 00 00 00 00 00 00 00 00 00 00 00 00 00 00 00 00 00 00 00 00 00 00 00   -7.617
 76 77 67 75 74 46 47 64 45 58 54 63 72 44 53 43 34 35 24 62 85 86 42 37 52 57 97 33 68 00 00 00 00 00 00 00 00 00 00 00 00 00 00 00 00 00 00 00 00 00 00 00 00 00 00 00 00 00 00 00  -10.227
 76 57 45 54 44 75 46 34 43 64 53 47 35 86 74 24 85 94 26 25 23 84 67 36 00 00 00 00 00 00 00 00 00 00 00 00 00 00 00 00 00 00 00 00 00 00 00 00 00 00 00 00 00 00 00 00 00 00 00 00   20.250
 76 77 67 75 87 46 74 85 64 86 94 95 97 96 57 78 68 47 48 69 36 00 00 00 00 00 00 00 00 00 00 00 00 00 00 00 00 00 00 00 00 00 00 00 00 00 00 00 00 00 00 00 00 00 00 00 00 00 00 00  -10.734
 76 57 45 86 77 75 74 44 67 35 54 63 97 78 00 00 00 00 00 00 00 00 00 00 00 00 00 00 00 00 00 00 00 00 00 00 00 00 00 00 00 00 00 00 00 00 00 00 00 00 00 00 00 00 00 00 00 00 00 00   10.656
 76 57 45 86 77 75 74 44 67 35 54 63 97 84 64 46 48 58 49 73 47 68 78 85 94 59 36 27 26 69 79 87 00 00 00 00 00 00 00 00 00 00 00 00 00 00 00 00 00 00 00 00 00 00 00 00 00 00 00 00   10.281
 76 57 45 54 44 75 46 34 43 35 64 63 26 74 53 67 72 25 24 52 77 85 37 42 58 49 86 48 62 82 68 97 59 78 39 38 47 36 69 27 00 00 00 00 00 00 00 00 00 00 00 00 00 00 00 00 00 00 00 00   46.000
 76 77 67 75 86 57 68 85 74 96 64 78 87 79 00 00 00 00 00 00 00 00 00 00 00 00 00 00 00 00 00 00 00 00 00 00 00 00 00 00 00 00 00 00 00 00 00 00 00 00 00 00 00 00 00 00 00 00 00 00    9.180
 76 57 45 86 77 75 74 34 35 44 67 85 54 73 53 58 78 68 87 97 49 46 69 24 37 36 47 48 59 27 84 94 88 79 38 62 89 43 63 29 00 00 00 00 00 00 00 00 00 00 00 00 00 00 00 00 00 00 00 00   38.000
 76 57 45 86 77 75 74 54 44 83 64 84 73 63 47 85 53 67 87 42 68 46 58 78 92 93 69 98 94 96 00 00 00 00 00 00 00 00 00 00 00 00 00 00 00 00 00 00 00 00 00 00 00 00 00 00 00 00 00 00   27.328
 76 77 67 75 64 46 87 74 86 84 54 63 45 44 00 00 00 00 00 00 00 00 00 00 00 00 00 00 00 00 00 00 00 00 00 00 00 00 00 00 00 00 00 00 00 00 00 00 00 00 00 00 00 00 00 00 00 00 00 00   -4.102
 76 57 45 54 44 75 46 34 43 77 24 53 47 35 67 78 64 74 37 36 68 63 52 59 72 48 58 27 79 49 25 69 39 38 00 00 00 00 00 00 00 00 00 00 00 00 00 00 00 00 00 00 00 00 00 00 00 00 00 00   14.844
 76 57 45 86 77 75 74 54 44 87 64 67 97 95 46 63 53 84 73 47 58 48 94 36 68 69 35 42 85 37 26 72 96 62 98 34 78 88 83 92 00 00 00 00 00 00 00 00 00 00 00 00 00 00 00 00 00 00 00 00   44.000
 76 57 45 54 44 75 46 34 43 35 64 77 67 78 47 36 37 58 27 42 68 26 49 69 87 79 74 48 25 24 23 53 28 63 73 38 72 62 59 33 22 96 97 86 95 85 32 52 94 88 99 83 84 82 89 98 39 29 92 93   16.000
 76 57 45 86 77 75 74 64 54 63 85 46 53 96 84 67 44 87 37 73 97 95 94 34 35 42 98 25 36 47 52 62 43 28 24 88 26 32 82 33 00 00 00 00 00 00 00 00 00 00 00 00 00 00 00 00 00 00 00 00   20.000
 76 57 45 54 44 75 46 34 43 77 24 35 47 67 64 36 74 53 27 37 63 52 42 32 28 62 73 85 72 33 00 00 00 00 00 00 00 00 00 00 00 00 00 00 00 00 00 00 00 00 00 00 00 00 00 00 00 00 00 00   16.523
 76 57 45 54 44 75 46 34 43 64 53 37 35 24 85 77 67 68 74 63 72 87 86 47 36 73 26 62 84 42 52 97 00 00 00 00 00 00 00 00 00 00 00 00 00 00 00 00 00 00 00 00 00 00 00 00 00 00 00 00   18.055
 76 57 45 54 44 75 46 34 43 64 53 35 47 00 00 00 00 00 00 00 00 00 00 00 00 00 00 00 00 00 00 00 00 00 00 00 00 00 00 00 00 00 00 00 00 00 00 00 00 00 00 00 00 00 00 00 00 00 00 00    4.547
 76 77 67 75 54 57 74 64 86 87 63 46 85 96 97 98 47 00 00 00 00 00 00 00 00 00 00 00 00 00 00 00 00 00 00 00 00 00 00 00 00 00 00 00 00 00 00 00 00 00 00 00 00 00 00 00 00 00 00 00  -16.531
 76 77 67 75 64 46 45 57 36 54 44 63 72 43 42 37 47 26 78 35 53 34 73 74 27 58 23 52 85 24 69 00 00 00 00 00 00 00 00 00 00 00 00 00 00 00 00 00 00 00 00 00 00 00 00 00 00 00 00 00  -23.289
 76 77 67 75 64 46 45 57 36 54 44 63 72 43 78 68 53 62 52 42 32 47 48 37 73 26 58 35 24 25 86 00 00 00 00 00 00 00 00 00 00 00 00 00 00 00 00 00 00 00 00 00 00 00 00 00 00 00 00 00  -11.273
 76 77 67 75 86 68 78 97 64 57 74 85 54 87 94 95 69 63 48 73 46 43 84 79 45 47 89 59 49 39 00 00 00 00 00 00 00 00 00 00 00 00 00 00 00 00 00 00 00 00 00 00 00 00 00 00 00 00 00 00   23.414
 76 57 45 54 44 75 46 34 43 35 64 86 36 73 26 25 63 27 37 42 67 58 47 77 85 28 68 59 78 48 96 74 69 62 49 87 53 84 23 52 95 94 97 98 33 89 24 22 79 39 32 88 99 00 00 00 00 00 00 00   38.000
 76 77 67 75 86 68 78 46 74 84 94 97 96 87 85 79 59 88 57 69 58 49 64 48 00 00 00 00 00 00 00 00 00 00 00 00 00 00 00 00 00 00 00 00 00 00 00 00 00 00 00 00 00 00 00 00 00 00 00 00   10.008
 76 77 67 75 87 46 85 86 74 64 96 73 63 97 84 68 98 57 72 94 44 53 62 42 54 45 43 52 78 00 00 00 00 00 00 00 00 00 00 00 00 00 00 00 00 00 00 00 00 00 00 00 00 00 00 00 00 00 00 00  -11.531
 76 57 45 86 77 75 74 34 35 64 47 44 67 46 54 53 87 63 84 24 73 94 97 58 42 48 62 96 85 68 43 78 95 32 25 36 93 26 22 52 00 00 00 00 00 00 00 00 00 00 00 00 00 00 00 00 00 00 00 00   44.000
 76 57 45 86 77 75 74 54 44 64 67 35 63 46 43 58 85 94 36 87 25 53 47 72 95 73 84 96 48 34 52 62 42 32 59 83 92 27 82 93 00 00 00 00 00 00 00 00 00 00 00 00 00 00 00 00 00 00 00 00   34.000
 76 57 45 54 44 34 47 75 67 46 36 37 35 27 26 48 58 24 28 59 49 39 64 78 68 74 84 94 63 86 77 79 69 87 29 85 38 43 42 33 00 00 00 00 00 00 00 00 00 00 00 00 00 00 00 00 00 00 00 00   58.000
 76 77 67 75 87 46 85 86 95 97 74 64 44 73 84 96 98 94 54 00 00 00 00 00 00 00 00 00 00 00 00 00 00 00 00 00 00 00 00 00 00 00 00 00 00 00 00 00 00 00 00 00 00 00 00 00 00 00 00 00  -21.781
 76 77 67 75 64 46 86 84 85 74 63 97 78 87 57 94 47 53 54 45 34 35 37 36 52 72 44 42 62 79 27 26 82 92 95 96 73 68 48 49 00 00 00 00 00 00 00 00 00 00 00 00 00 00 00 00 00 00 00 00  -10.000
 76 77 67 75 86 87 85 68 78 96 64 74 94 79 84 95 97 58 54 73 57 47 46 48 37 63 53 44 45 42 43 32 83 26 27 82 93 33 92 34 00 00 00 00 00 00 00 00 00 00 00 00 00 00 00 00 00 00 00 00   44.000
 76 77 67 75 87 46 85 86 44 57 54 74 37 00 00 00 00 00 00 00 00 00 00 00 00 00 00 00 00 00 00 00 00 00 00 00 00 00 00 00 00 00 00 00 00 00 00 00 00 00 00 00 00 00 00 00 00 00 00 00   -9.148
 76 57 45 54 44 75 46 34 43 67 47 42 35 26 48 37 25 24 36 53 28 64 63 73 78 68 77 27 23 58 59 86 49 87 97 88 74 69 99 98 89 79 52 62 33 39 29 38 84 95 96 85 94 83 72 92 93 82 00 00   16.000
 76 57 45 54 44 75 46 34 43 35 64 67 47 53 52 77 63 36 37 58 25 72 62 27 26 73 74 42 00 00 00 00 00 00 00 00 00 00 00 00 00 00 00 00 00 00 00 00 00 00 00 00 00 00 00 00 00 00 00 00   15.406
 76 57 45 54 44 75 46 34 43 67 47 53 64 35 36 63 72 73 85 42 25 24 37 84 62 74 23 87 94 27 26 83 00 00 00 00 00 00 00 00 00 00 00 00 00 00 00 00 00 00 00 00 00 00 00 00 00 00 00 00   16.266
 76 57 45 54 44 75 46 34 43 67 47 53 64 35 36 85 77 74 24 68 86 78 25 42 62 63 73 58 48 72 52 37 26 49 96 84 93 94 95 97 00 00 00 00 00 00 00 00 00 00 00 00 00 00 00 00 00 00 00 00   12.000
 76 77 67 75 64 46 45 57 68 79 37 58 78 63 85 54 49 59 87 97 43 74 96 95 86 47 69 39 44 53 72 89 62 98 73 27 48 36 35 24 00 00 00 00 00 00 00 00 00 00 00 00 00 00 00 00 00 00 00 00  -22.000
 76 77 67 75 64 46 45 57 68 79 37 58 85 54 86 87 63 53 44 94 95 96 42 84 78 47 49 59 69 39 88 52 74 99 38 00 00 00 00 00 00 00 00 00 00 00 00 00 00 00 00 00 00 00 00 00 00 00 00 00  -13.227
 76 57 45 86 77 75 74 34 35 54 44 87 64 00 00 00 00 00 00 00 00 00 00 00 00 00 00 00 00 00 00 00 00 00 00 00 00 00 00 00 00 00 00 00 00 00 00 00 00 00 00 00 00 00 00 00 00 00 00 00    5.086
 76 77 67 75 64 46 45 57 36 54 68 74 87 34 86 48 44 35 53 43 63 26 85 52 37 00 00 00 00 00 00 00 00 00 00 00 00 00 00 00 00 00 00 00 00 00 00 00 00 00 00 00 00 00 00 00 00 00 00 00  -11.891
 76 57 45 86 77 75 74 54 44 87 64 68 97 53 43 35 42 95 96 98 34 63 52 85 84 67 46 94 73 24 26 25 23 36 27 82 72 37 92 83 00 00 00 00 00 00 00 00 00 00 00 00 00 00 00 00 00 00 00 00   50.000
 76 57 45 75 46 77 86 97 74 54 64 44 63 37 58 62 53 47 67 85 48 68 84 34 36 43 95 87 96 35 27 59 26 25 38 49 39 73 98 29 00 00 00 00 00 00 00 00 00 00 00 00 00 00 00 00 00 00 00 00   18.000
 76 77 67 75 86 87 85 68 78 96 64 73 74 54 63 94 95 84 69 47 46 79 48 45 44 37 53 42 43 35 25 57 58 49 89 88 72 83 99 62 00 00 00 00 00 00 00 00 00 00 00 00 00 00 00 00 00 00 00 00   28.000
 76 57 45 54 44 75 46 34 43 52 24 47 35 26 58 64 53 74 67 63 25 23 37 36 85 95 84 73 27 87 00 00 00 00 00 00 00 00 00 00 00 00 00 00 00 00 00 00 00 00 00 00 00 00 00 00 00 00 00 00   17.336
 76 57 45 54 44 75 46 34 43 35 64 67 47 77 26 52 42 25 36 27 62 58 48 37 38 59 49 74 86 29 69 85 53 73 63 95 72 84 68 39 87 98 96 78 94 79 28 97 99 83 88 33 22 23 24 32 93 89 00 00   12.000
 76 77 67 75 64 46 45 57 36 54 63 53 86 47 44 37 85 87 74 96 52 25 27 94 58 34 35 26 95 00 00 00 00 00 00 00 00 00 00 00 00 00 00 00 00 00 00 00 00 00 00 00 00 00 00 00 00 00 00 00  -13.961
 76 77 67 75 86 68 78 47 74 85 64 87 44 58 46 79 95 84 94 73 96 97 98 57 49 53 59 69 89 54 48 36 26 34 63 37 24 35 33 32 00 00 00 00 00 00 00 00 00 00 00 00 00 00 00 00 00 00 00 00   64.000
 76 77 67 75 86 87 85 68 78 96 64 46 74 57 69 79 89 54 97 98 59 95 84 53 63 94 47 72 36 48 58 37 45 34 35 49 39 26 25 24 27 28 52 44 43 62 33 22 23 32 42 38 29 88 99 00 00 00 00 00   26.000
 76 57 45 86 77 75 74 34 35 64 47 67 46 54 63 53 85 87 44 37 97 94 95 25 78 96 93 68 98 43 36 84 73 27 26 82 72 62 59 88 00 00 00 00 00 00 00 00 00 00 00 00 00 00 00 00 00 00 00 00   34.000
 76 57 45 54 44 75 46 36 35 34 43 52 24 63 58 25 64 23 27 67 73 77 42 48 53 32 86 84 85 94 95 59 93 26 22 62 72 74 33 96 00 00 00 00 00 00 00 00 00 00 00 00 00 00 00 00 00 00 00 00   50.000
 76 77 67 75 86 68 78 96 64 54 84 85 74 88 57 87 99 45 95 46 69 73 72 93 00 00 00 00 00 00 00 00 00 00 00 00 00 00 00 00 00 00 00 00 00 00 00 00 00 00 00 00 00 00 00 00 00 00 00 00   35.141
 76 77 67 75 54 57 74 64 85 86 63 46 97 95 47 94 48 45 35 36 44 73 37 58 59 52 72 62 96 00 00 00 00 00 00 00 00 00 00 00 00 00 00 00 00 00 00 00 00 00 00 00 00 00 00 00 00 00 00 00  -10.156
 76 77 67 75 64 46 45 57 68 79 48 58 47 37 59 69 89 53 85 36 35 94 73 84 87 78 86 49 25 00 00 00 00 00 00 00 00 00 00 00 00 00 00 00 00 00 00 00 00 00 00 00 00 00 00 00 00 00 00 00  -25.914
 76 77 67 75 64 46 45 57 37 36 88 74 85 87 84 34 35 54 44 25 47 26 27 28 68 78 58 86 96 99 97 69 49 48 24 23 38 43 53 98 59 62 63 72 42 52 89 73 83 93 82 94 95 92 79 29 32 39 00 00  -30.000
 76 57 45 86 77 54 64 74 67 75 44 46 85 00 00 00 00 00 00 00 00 00 00 00 00 00 00 00 00 00 00 00 00 00 00 00 00 00 00 00 00 00 00 00 00 00 00 00 00 00 00 00 00 00 00 00 00 00 00 00    5.188
 76 77 67 75 86 68 78 96 64 54 84 74 95 57 97 87 59 93 47 85 46 79 45 69 58 49 43 44 53 63 72 34 25 24 23 32 35 33 73 62 52 37 48 39 28 42 22 83 92 82 94 26 27 36 88 89 98 38 29 00   18.000
 76 57 45 54 44 86 64 74 75 43 53 85 42 63 67 77 72 47 00 00 00 00 00 00 00 00 00 00 00 00 00 00 00 00 00 00 00 00 00 00 00 00 00 00 00 00 00 00 00 00 00 00 00 00 00 00 00 00 00 00    9.445
 76 77 67 75 86 87 85 68 78 96 64 69 95 54 84 47 97 58 59 49 57 73 89 94 00 00 00 00 00 00 00 00 00 00 00 00 00 00 00 00 00 00 00 00 00 00 00 00 00 00 00 00 00 00 00 00 00 00 00 00   13.445
 76 77 67 75 86 68 78 46 74 84 94 87 85 57 59 95 96 88 64 97 99 54 48 47 98 79 43 53 42 49 45 36 44 69 35 73 89 58 72 63 34 25 00 00 00 00 00 00 00 00 00 00 00 00 00 00 00 00 00 00   24.000
 76 57 45 54 44 34 47 75 67 46 36 58 48 26 49 86 35 37 27 28 25 24 53 43 77 64 85 68 42 87 63 72 79 94 78 69 59 52 73 82 00 00 00 00 00 00 00 00 00 00 00 00 00 00 00 00 00 00 00 00   44.000
 76 77 67 75 86 87 85 68 78 96 64 58 57 47 74 54 95 46 97 79 44 63 52 84 45 53 62 43 34 42 73 25 49 48 32 82 35 24 88 83 39 94 72 33 26 36 92 27 93 99 23 22 37 98 89 59 28 29 69 38   16.000
 76 57 45 54 44 75 46 34 43 35 64 53 74 42 48 85 63 84 52 72 62 73 36 27 25 37 47 49 33 58 67 26 94 86 77 24 22 95 32 93 00 00 00 00 00 00 00 00 00 00 00 00 00 00 00 00 00 00 00 00   28.000
 76 77 67 75 64 46 45 57 37 36 78 68 85 00 00 00 00 00 00 00 00 00 00 00 00 00 00 00 00 00 00 00 00 00 00 00 00 00 00 00 00 00 00 00 00 00 00 00 00 00 00 00 00 00 00 00 00 00 00 00   -6.188
 76 77 67 75 54 57 74 64 85 86 68 94 63 45 58 46 47 78 96 37 87 49 79 53 36 00 00 00 00 00 00 00 00 00 00 00 00 00 00 00 00 00 00 00 00 00 00 00 00 00 00 00 00 00 00 00 00 00 00 00   -8.789
 76 77 67 75 86 68 78 46 74 87 97 85 84 94 96 93 54 64 73 58 53 63 45 47 57 42 62 48 52 43 44 35 69 72 37 34 25 79 95 00 00 00 00 00 00 00 00 00 00 00 00 00 00 00 00 00 00 00 00 00   16.000
 76 57 45 86 77 75 74 54 44 87 64 67 97 84 85 94 96 73 63 46 72 53 42 83 95 35 78 52 62 34 43 98 68 58 92 82 93 89 79 32 00 00 00 00 00 00 00 00 00 00 00 00 00 00 00 00 00 00 00 00   56.000
 76 57 45 86 77 75 74 54 44 87 64 67 97 84 85 34 46 35 37 47 78 95 96 68 00 00 00 00 00 00 00 00 00 00 00 00 00 00 00 00 00 00 00 00 00 00 00 00 00 00 00 00 00 00 00 00 00 00 00 00   31.734
 76 77 67 75 86 68 78 96 64 54 84 58 57 00 00 00 00 00 00 00 00 00 00 00 00 00 00 00 00 00 00 00 00 00 00 00 00 00 00 00 00 00 00 00 00 00 00 00 00 00 00 00 00 00 00 00 00 00 00 00    4.258
 76 57 45 75 46 77 86 95 74 54 44 64 73 00 00 00 00 00 00 00 00 00 00 00 00 00 00 00 00 00 00 00 00 00 00 00 00 00 00 00 00 00 00 00 00 00 00 00 00 00 00 00 00 00 00 00 00 00 00 00    3.461
 76 57 45 86 77 75 74 34 35 84 85 44 67 46 48 54 64 58 47 68 36 78 63 43 53 26 37 49 97 72 52 94 95 87 93 62 82 73 96 83 00 00 00 00 00 00 00 00 00 00 00 00 00 00 00 00 00 00 00 00   38.000
 76 57 45 86 77 75 74 54 44 84 64 63 72 73 85 78 87 46 53 62 00 00 00 00 00 00 00 00 00 00 00 00 00 00 00 00 00 00 00 00 00 00 00 00 00 00 00 00 00 00 00 00 00 00 00 00 00 00 00 00    6.797
 76 57 45 86 77 75 74 34 35 64 47 84 67 36 27 37 63 48 58 53 85 44 54 46 95 62 94 43 73 82 26 25 72 28 92 97 96 83 52 93 00 00 00 00 00 00 00 00 00 00 00 00 00 00 00 00 00 00 00 00   24.000
 76 77 67 75 86 68 78 96 64 54 84 79 74 00 00 00 00 00 00 00 00 00 00 00 00 00 00 00 00 00 00 00 00 00 00 00 00 00 00 00 00 00 00 00 00 00 00 00 00 00 00 00 00 00 00 00 00 00 00 00    9.109
 76 77 67 75 86 87 85 68 78 96 64 88 46 74 89 44 45 53 99 54 59 58 00 00 00 00 00 00 00 00 00 00 00 00 00 00 00 00 00 00 00 00 00 00 00 00 00 00 00 00 00 00 00 00 00 00 00 00 00 00   29.625
 76 77 67 75 86 68 78 87 96 79 85 97 64 46 98 74 84 57 47 63 95 45 58 73 59 93 54 69 89 44 36 35 53 62 37 48 49 25 27 88 00 00 00 00 00 00 00 00 00 00 00 00 00 00 00 00 00 00 00 00   44.000
 76 77 67 75 54 57 74 64 86 87 48 84 85 95 58 68 63 94 73 53 79 47 36 46 43 00 00 00 00 00 00 00 00 00 00 00 00 00 00 00 00 00 00 00 00 00 00 00 00 00 00 00 00 00 00 00 00 00 00 00   -8.133
 76 77 67 75 86 68 78 87 96 47 85 79 59 94 46 58 57 37 35 36 45 49 69 95 00 00 00 00 00 00 00 00 00 00 00 00 00 00 00 00 00 00 00 00 00 00 00 00 00 00 00 00 00 00 00 00 00 00 00 00   10.070
 76 77 67 75 64 46 87 74 86 84 44 54 43 53 47 57 45 68 85 78 58 34 35 42 63 49 94 26 59 36 52 00 00 00 00 00 00 00 00 00 00 00 00 00 00 00 00 00 00 00 00 00 00 00 00 00 00 00 00 00   -6.039
 76 77 67 75 54 57 86 87 68 78 46 69 84 74 85 64 97 00 00 00 00 00 00 00 00 00 00 00 00 00 00 00 00 00 00 00 00 00 00 00 00 00 00 00 00 00 00 00 00 00 00 00 00 00 00 00 00 00 00 00  -11.273
 76 57 45 54 44 75 46 34 43 35 64 63 26 74 53 47 37 52 85 67 84 95 94 86 97 77 96 27 72 62 73 83 42 93 25 23 92 87 24 36 00 00 00 00 00 00 00 00 00 00 00 00 00 00 00 00 00 00 00 00   46.000
 76 57 45 54 44 75 46 34 43 35 64 33 47 37 24 74 67 87 58 42 36 63 53 48 68 26 52 59 62 32 22 73 27 79 25 78 77 38 84 72 86 94 83 96 82 23 29 28 39 49 93 85 69 88 99 97 98 89 95 92   22.000
 76 57 45 54 44 75 46 34 43 64 53 47 35 67 73 74 77 86 85 87 63 24 36 25 37 95 68 84 78 79 48 69 26 39 58 62 52 27 49 59 00 00 00 00 00 00 00 00 00 00 00 00 00 00 00 00 00 00 00 00   30.000
 76 77 67 75 86 68 78 96 64 54 84 73 74 85 63 58 97 72 00 00 00 00 00 00 00 00 00 00 00 00 00 00 00 00 00 00 00 00 00 00 00 00 00 00 00 00 00 00 00 00 00 00 00 00 00 00 00 00 00 00   15.234
 76 57 45 54 44 75 46 34 43 35 64 67 47 33 78 77 58 63 73 74 53 52 25 42 24 82 86 79 85 95 22 96 00 00 00 00 00 00 00 00 00 00 00 00 00 00 00 00 00 00 00 00 00 00 00 00 00 00 00 00   21.266
 76 77 67 75 86 87 85 68 78 96 64 54 74 57 58 95 94 93 84 49 47 59 69 63 73 53 45 44 48 62 00 00 00 00 00 00 00 00 00 00 00 00 00 00 00 00 00 00 00 00 00 00 00 00 00 00 00 00 00 00    9.867
 76 57 45 86 77 75 74 54 44 87 64 43 47 67 53 84 94 63 72 62 52 46 36 35 58 42 37 73 32 68 82 49 48 28 24 25 59 85 39 69 00 00 00 00 00 00 00 00 00 00 00 00 00 00 00 00 00 00 00 00   16.000
 76 57 45 86 77 75 74 84 85 44 97 64 73 96 54 46 87 95 67 58 34 68 93 98 35 24 26 63 53 23 36 43 78 27 28 82 72 62 59 69 00 00 00 00 00 00 00 00 00 00 00 00 00 00 00 00 00 00 00 00   38.000
 76 57 45 54 44 75 46 35 47 67 24 36 64 73 27 37 48 25 26 53 58 34 68 86 23 38 52 77 78 42 32 28 00 00 00 00 00 00 00 00 00 00 00 00 00 00 00 00 00 00 00 00 00 00 00 00 00 00 00 00   18.523
 76 57 45 54 44 75 46 34 43 35 64 67 47 37 78 77 36 25 85 84 87 95 74 86 94 79 96 52 68 58 49 69 59 39 48 53 63 72 62 88 42 33 26 27 99 97 38 24 22 73 83 93 23 82 92 28 29 32 89 98    8.000
 76 77 67 75 64 46 87 74 86 84 73 68 54 85 94 96 59 72 58 63 45 47 97 95 57 43 53 44 62 00 00 00 00 00 00 00 00 00 00 00 00 00 00 00 00 00 00 00 00 00 00 00 00 00 00 00 00 00 00 00   -8.508
 76 77 67 75 86 68 78 47 74 85 64 58 87 97 96 95 57 79 49 69 45 48 54 44 59 39 46 73 34 63 37 27 88 53 43 24 62 42 52 72 00 00 00 00 00 00 00 00 00 00 00 00 00 00 00 00 00 00 00 00   12.000
 76 57 45 86 77 75 74 84 85 54 97 96 87 98 67 64 95 78 00 00 00 00 00 00 00 00 00 00 00 00 00 00 00 00 00 00 00 00 00 00 00 00 00 00 00 00 00 00 00 00 00 00 00 00 00 00 00 00 00 00   31.797
 76 77 67 75 86 87 85 68 78 96 64 46 74 57 69 63 48 73 47 54 94 95 97 58 84 36 53 52 72 49 62 89 42 83 43 44 34 82 45 32 35 37 92 23 24 25 59 79 88 93 27 33 26 28 22 38 29 39 99 98   10.000
 76 77 67 75 64 46 45 57 36 54 44 63 72 43 85 37 74 26 87 97 68 79 78 69 27 28 59 86 48 49 38 00 00 00 00 00 00 00 00 00 00 00 00 00 00 00 00 00 00 00 00 00 00 00 00 00 00 00 00 00  -20.398
 76 77 67 75 64 46 86 84 85 74 63 97 47 94 87 78 95 57 48 96 68 73 54 43 53 52 72 42 35 62 83 00 00 00 00 00 00 00 00 00 00 00 00 00 00 00 00 00 00 00 00 00 00 00 00 00 00 00 00 00  -15.414
 76 77 67 75 86 87 85 68 78 96 64 74 94 54 45 84 69 79 97 98 89 47 57 46 37 44 36 58 35 24 59 34 25 49 39 27 26 88 95 93 00 00 00 00 00 00 00 00 00 00 00 00 00 00 00 00 00 00 00 00   46.000
